Epoch Time,Processing Source,f,varianceDensity
1791244800,hdr,0.0293;0.03906;0.04883;0.05859;0.06836;0.07813;0.08789;0.09766;0.10742;0.11719;0.12695;0.13672;0.14648;0.15625;0.16602;0.17578;0.18555;0.19531;0.20508;0.21484;0.22461;0.23438;0.24414;0.25391;0.26367;0.27344;0.2832;0.29297;0.30273;0.3125;0.32227;0.33203;0.3418;0.35156;0.36133;0.37109;0.38086;0.39063;0.40039;0.41016;0.41992;0.42969;0.43945;0.44922;0.45898;0.46875;0.47852;0.48828;0.49805;0.50781;0.51758;0.52734;0.53711;0.54688;0.55664;0.56641;0.57617;0.58594;0.5957;0.60547;0.61523;0.625;0.63477;0.64453;0.6543;0.66406;0.67383;0.68359;0.69336;0.70313;0.71289;0.72266;0.73242;0.74219;0.75195;0.76172;0.77148;0.78125;0.79102,0.00679936;0.006624256;0.008534016;0.0073031680000000005;0.01284608;0.009664512;0.025753599999999998;0.09365504;0.16146944;0.20681728;0.368872448;0.38483558399999995;0.16968191999999999;0.10939391999999999;0.068790272;0.029826047999999997;0.017220608000000002;0.010125312;0.009304064;0.010662912;0.005195776000000001;0.0032174079999999997;0.003206144;0.003617792;0.0035440640000000004;0.002871296;0.0018421759999999998;0.00180736;0.00096768;0.0012369920000000001;0.002071552;0.0016097280000000002;0.002115584;0.002476032;0.0017397760000000002;0.0014336;0.001451008;0.001048576;0.00169984;0.00200192;0.001298432;0.001108992;0.0014786559999999999;0.0012605440000000002;0.001086464;0.000789504;0.0013424640000000002;0.002251776;0.002737152;0.0026808319999999997;0.0023572479999999997;0.003115008;0.0055459839999999995;0.005291008;0.004251648;0.00740352;0.009402367999999998;0.012220416000000001;0.011267072;0.012980224;0.010310656;0.011887616;0.013615104000000001;0.012515328;0.012715008;0.007051264;0.007701504;0.00830976;0.007350272;0.006071296;0.003959808;0.00301568;0.0020951040000000004;0.002501632;0.0022241279999999997;0.0026009600000000003;0.001970176;0.001521664;0.001548288
1791245700,hdr,0.0293;0.03906;0.04883;0.05859;0.06836;0.07813;0.08789;0.09766;0.10742;0.11719;0.12695;0.13672;0.14648;0.15625;0.16602;0.17578;0.18555;0.19531;0.20508;0.21484;0.22461;0.23438;0.24414;0.25391;0.26367;0.27344;0.2832;0.29297;0.30273;0.3125;0.32227;0.33203;0.3418;0.35156;0.36133;0.37109;0.38086;0.39063;0.40039;0.41016;0.41992;0.42969;0.43945;0.44922;0.45898;0.46875;0.47852;0.48828;0.49805;0.50781;0.51758;0.52734;0.53711;0.54688;0.55664;0.56641;0.57617;0.58594;0.5957;0.60547;0.61523;0.625;0.63477;0.64453;0.6543;0.66406;0.67383;0.68359;0.69336;0.70313;0.71289;0.72266;0.73242;0.74219;0.75195;0.76172;0.77148;0.78125;0.79102,0.0056872960000000005;0.00469504;0.007913472;0.0032768000000000003;0.00338944;0.01839104;0.018632704;0.061164544;0.11435519999999999;0.178802688;0.229951488;0.19491123200000002;0.159826944;0.075538432;0.057960448;0.027722752;0.017933312000000003;0.016114688000000002;0.010866688;0.008209408;0.004284416;0.004040704;0.003652608;0.005397504;0.005424127999999999;0.004419584000000001;0.002919424;0.0013424640000000002;0.00085504;0.0011960319999999999;0.001220608;0.0006123519999999999;0.00122368;0.001035264;0.000987136;0.001399808;0.001435648;0.001799168;0.001364992;0.0011735040000000001;0.00123392;0.00081408;0.00091136;0.001533952;0.0023296;0.0023941119999999995;0.003411968;0.002880512;0.0037222400000000004;0.0044748800000000005;0.005722112;0.005922816;0.007657472;0.008942592;0.010631168000000002;0.010763264;0.009478144;0.011012095999999999;0.010867712;0.00892416;0.004642816;0.006710272;0.008963072;0.010412032;0.007873536;0.004982784;0.00441856;0.004431872;0.003735552;0.0022835200000000003;0.00290304;0.004822015999999999;0.00459264;0.004824064;0.003713024;0.0030781439999999997;0.0028272640000000003;0.0020756480000000002;0.001734656
1791246600,hdr,0.0293;0.03906;0.04883;0.05859;0.06836;0.07813;0.08789;0.09766;0.10742;0.11719;0.12695;0.13672;0.14648;0.15625;0.16602;0.17578;0.18555;0.19531;0.20508;0.21484;0.22461;0.23438;0.24414;0.25391;0.26367;0.27344;0.2832;0.29297;0.30273;0.3125;0.32227;0.33203;0.3418;0.35156;0.36133;0.37109;0.38086;0.39063;0.40039;0.41016;0.41992;0.42969;0.43945;0.44922;0.45898;0.46875;0.47852;0.48828;0.49805;0.50781;0.51758;0.52734;0.53711;0.54688;0.55664;0.56641;0.57617;0.58594;0.5957;0.60547;0.61523;0.625;0.63477;0.64453;0.6543;0.66406;0.67383;0.68359;0.69336;0.70313;0.71289;0.72266;0.73242;0.74219;0.75195;0.76172;0.77148;0.78125;0.79102,0.0020029439999999996;0.004016128;0.0038993920000000002;0.002212864;0.0039495680000000005;0.009212928;0.027020288;0.092013568;0.17312051199999998;0.19887103999999997;0.139788288;0.14512025600000003;0.11009331199999998;0.062834688;0.033321984000000006;0.031230975999999997;0.019508223999999998;0.011252736000000001;0.009141248;0.006831104;0.00448;0.006004736;0.0053463040000000005;0.0029788160000000004;0.002829312;0.001400832;0.001149952;0.00138752;0.001504256;0.001084416;0.001165312;0.00138752;0.00090624;0.00091136;0.0013322240000000001;0.001298432;0.000771072;0.00079872;0.000646144;0.000745472;0.001065984;0.0007946240000000001;0.000903168;0.00085504;0.001139712;0.0009758719999999999;0.0014653440000000002;0.0024709120000000005;0.003371008;0.002967552;0.003818496;0.004770816;0.00418304;0.00695296;0.006531072;0.006203391999999999;0.008886272;0.007918592;0.005875712000000001;0.0077742079999999995;0.008690688;0.0053391359999999995;0.005078015999999999;0.005223424;0.004978688;0.00620032;0.005433344;0.003278848;0.0018831359999999999;0.002865152;0.003172352;0.003059712;0.002596864;0.0024064;0.0018237440000000002;0.001759232;0.0022568959999999996;0.002220032;0.002000896
1791247500,hdr,0.0293;0.03906;0.04883;0.05859;0.06836;0.07813;0.08789;0.09766;0.10742;0.11719;0.12695;0.13672;0.14648;0.15625;0.16602;0.17578;0.18555;0.19531;0.20508;0.21484;0.22461;0.23438;0.24414;0.25391;0.26367;0.27344;0.2832;0.29297;0.30273;0.3125;0.32227;0.33203;0.3418;0.35156;0.36133;0.37109;0.38086;0.39063;0.40039;0.41016;0.41992;0.42969;0.43945;0.44922;0.45898;0.46875;0.47852;0.48828;0.49805;0.50781;0.51758;0.52734;0.53711;0.54688;0.55664;0.56641;0.57617;0.58594;0.5957;0.60547;0.61523;0.625;0.63477;0.64453;0.6543;0.66406;0.67383;0.68359;0.69336;0.70313;0.71289;0.72266;0.73242;0.74219;0.75195;0.76172;0.77148;0.78125;0.79102,0.004054016;0.010082304;0.0132352;0.0063723519999999995;0.008283136;0.010533887999999998;0.020662272000000002;0.086790144;0.19733606399999998;0.320171008;0.33705984;0.32317337600000007;0.103990272;0.12745216;0.11063398399999999;0.049655807999999996;0.016175104000000003;0.013186047999999999;0.009376768;0.005410816;0.003487744;0.0048609280000000005;0.005183487999999999;0.002939904;0.0023357440000000003;0.002207744;0.002382848;0.0012308479999999999;0.001238016;0.001137664;0.001206272;0.001537024;0.001404928;0.001212416;0.0014530559999999999;0.0021524480000000004;0.001837056;0.0017408;0.001015808;0.00084992;0.000775168;0.000658432;0.000550912;0.000945152;0.0012154879999999998;0.001176576;0.0011786239999999999;0.001220608;0.00103936;0.00087552;0.0009574399999999999;0.001327104;0.0016138239999999998;0.001627136;0.0017766400000000001;0.002397184;0.0025937919999999997;0.001933312;0.002599936;0.0038932479999999998;0.0037601279999999997;0.001862656;0.002046976;0.003011584;0.002468864;0.00272896;0.002939904;0.001476608;0.003201024;0.004551680000000001;0.002879488;0.002605056;0.002302976;0.0029419520000000003;0.00197632;0.0025262080000000003;0.002578432;0.0026398719999999997;0.00203776
1791248400,hdr,0.0293;0.03906;0.04883;0.05859;0.06836;0.07813;0.08789;0.09766;0.10742;0.11719;0.12695;0.13672;0.14648;0.15625;0.16602;0.17578;0.18555;0.19531;0.20508;0.21484;0.22461;0.23438;0.24414;0.25391;0.26367;0.27344;0.2832;0.29297;0.30273;0.3125;0.32227;0.33203;0.3418;0.35156;0.36133;0.37109;0.38086;0.39063;0.40039;0.41016;0.41992;0.42969;0.43945;0.44922;0.45898;0.46875;0.47852;0.48828;0.49805;0.50781;0.51758;0.52734;0.53711;0.54688;0.55664;0.56641;0.57617;0.58594;0.5957;0.60547;0.61523;0.625;0.63477;0.64453;0.6543;0.66406;0.67383;0.68359;0.69336;0.70313;0.71289;0.72266;0.73242;0.74219;0.75195;0.76172;0.77148;0.78125;0.79102,0.014104575999999999;0.013718527999999999;0.00315904;0.003165184;0.0108544;0.021484543999999998;0.035482624000000004;0.078449664;0.172623872;0.241467392;0.219986944;0.18770432;0.13518848;0.06503219199999999;0.050258944;0.040807424;0.025619456;0.011588608;0.007066624;0.003693568;0.0033331199999999997;0.002622464;0.004166656;0.005281792;0.003914752;0.002801664;0.0018862080000000001;0.001696768;0.001980416;0.0015452159999999999;0.0012707839999999998;0.001829888;0.001929216;0.0011714560000000002;0.001570816;0.001373184;0.0011755519999999998;0.0013035520000000001;0.0008345599999999999;0.000489472;0.0005642239999999999;0.0013506560000000002;0.001078272;0.000964608;0.001153024;0.001307648;0.0010496000000000001;0.000989184;0.000801792;0.0006696959999999999;0.000882688;0.0009768959999999999;0.001048576;0.00088064;0.000879616;0.000919552;0.000987136;0.001380352;0.001353728;0.0014714879999999997;0.002364416;0.002594816;0.0037888;0.0032839680000000004;0.002704384;0.001872896;0.00331776;0.003254272;0.003186688;0.0034959360000000003;0.0030894080000000005;0.001915904;0.0023930880000000002;0.002468864;0.0017530879999999999;0.0030228480000000003;0.003172352;0.00269312;0.003268608
1791249300,hdr,0.0293;0.03906;0.04883;0.05859;0.06836;0.07813;0.08789;0.09766;0.10742;0.11719;0.12695;0.13672;0.14648;0.15625;0.16602;0.17578;0.18555;0.19531;0.20508;0.21484;0.22461;0.23438;0.24414;0.25391;0.26367;0.27344;0.2832;0.29297;0.30273;0.3125;0.32227;0.33203;0.3418;0.35156;0.36133;0.37109;0.38086;0.39063;0.40039;0.41016;0.41992;0.42969;0.43945;0.44922;0.45898;0.46875;0.47852;0.48828;0.49805;0.50781;0.51758;0.52734;0.53711;0.54688;0.55664;0.56641;0.57617;0.58594;0.5957;0.60547;0.61523;0.625;0.63477;0.64453;0.6543;0.66406;0.67383;0.68359;0.69336;0.70313;0.71289;0.72266;0.73242;0.74219;0.75195;0.76172;0.77148;0.78125;0.79102,0.002871296;0.02377216;0.023027712;0.011415551999999999;0.012854271999999998;0.014477311999999999;0.027082752;0.101505024;0.187697152;0.25898496;0.28276735999999997;0.25376972799999997;0.137870336;0.05012992;0.033261568;0.023544831999999998;0.016243711999999997;0.007849984;0.007498751999999999;0.005078015999999999;0.004656128;0.004559872;0.006378496;0.00495104;0.002127872;0.0014940160000000001;0.001220608;0.001345536;0.001071104;0.000951296;0.001036288;0.0010956800000000001;0.001089536;0.0009318400000000001;0.000912384;0.0007168;0.000776192;0.000605184;0.000753664;0.0005734399999999999;0.0007219199999999999;0.001143808;0.000817152;0.0007352319999999999;0.0007495679999999999;0.0006993920000000001;0.000661504;0.000756736;0.001033216;0.00128512;0.000854016;0.000765952;0.0006973439999999999;0.00077312;0.000769024;0.000531456;0.000881664;0.0007393279999999999;0.000772096;0.0011233280000000003;0.001154048;0.0015851519999999998;0.0015984640000000002;0.001738752;0.002356224;0.001938432;0.003780608;0.004038656;0.002465792;0.0020992000000000003;0.002546688;0.002276352;0.002219008;0.0028149760000000003;0.0024330239999999998;0.0030750720000000003;0.003166208;0.002880512;0.00273408
1791250200,hdr,0.0293;0.03906;0.04883;0.05859;0.06836;0.07813;0.08789;0.09766;0.10742;0.11719;0.12695;0.13672;0.14648;0.15625;0.16602;0.17578;0.18555;0.19531;0.20508;0.21484;0.22461;0.23438;0.24414;0.25391;0.26367;0.27344;0.2832;0.29297;0.30273;0.3125;0.32227;0.33203;0.3418;0.35156;0.36133;0.37109;0.38086;0.39063;0.40039;0.41016;0.41992;0.42969;0.43945;0.44922;0.45898;0.46875;0.47852;0.48828;0.49805;0.50781;0.51758;0.52734;0.53711;0.54688;0.55664;0.56641;0.57617;0.58594;0.5957;0.60547;0.61523;0.625;0.63477;0.64453;0.6543;0.66406;0.67383;0.68359;0.69336;0.70313;0.71289;0.72266;0.73242;0.74219;0.75195;0.76172;0.77148;0.78125;0.79102,0.017061887999999997;0.03014144;0.0121344;0.0063150079999999996;0.01030656;0.016091136;0.029960192;0.06007500799999999;0.1491968;0.19513036800000003;0.10652672;0.16203161600000002;0.112908288;0.038725631999999996;0.040639487999999994;0.023728128;0.016212992;0.012908544;0.009395200000000001;0.006421504;0.0050401280000000005;0.004595711999999999;0.00576;0.003898368;0.002486272;0.002115584;0.00126976;0.001271808;0.0012666880000000002;0.001603584;0.001154048;0.000734208;0.000763904;0.000933888;0.000884736;0.0007352319999999999;0.000452608;0.0006912;0.0005478400000000001;0.0004986880000000001;0.0006123519999999999;0.000638976;0.000529408;0.0006225919999999999;0.000816128;0.000605184;0.000521216;0.000444416;0.00052736;0.000636928;0.000720896;0.0008304639999999999;0.001052672;0.0008110079999999999;0.000631808;0.000621568;0.000528384;0.0004884479999999999;0.000730112;0.000992256;0.0005857280000000001;0.0007137280000000001;0.0011212799999999999;0.001114112;0.001722368;0.0016404479999999999;0.0015063040000000002;0.001309696;0.002008064;0.002571264;0.001978368;0.002663424;0.003516416;0.002741248;0.0022241279999999997;0.00196096;0.00242688;0.0020244480000000003;0.001649664
1791251100,hdr,0.0293;0.03906;0.04883;0.05859;0.06836;0.07813;0.08789;0.09766;0.10742;0.11719;0.12695;0.13672;0.14648;0.15625;0.16602;0.17578;0.18555;0.19531;0.20508;0.21484;0.22461;0.23438;0.24414;0.25391;0.26367;0.27344;0.2832;0.29297;0.30273;0.3125;0.32227;0.33203;0.3418;0.35156;0.36133;0.37109;0.38086;0.39063;0.40039;0.41016;0.41992;0.42969;0.43945;0.44922;0.45898;0.46875;0.47852;0.48828;0.49805;0.50781;0.51758;0.52734;0.53711;0.54688;0.55664;0.56641;0.57617;0.58594;0.5957;0.60547;0.61523;0.625;0.63477;0.64453;0.6543;0.66406;0.67383;0.68359;0.69336;0.70313;0.71289;0.72266;0.73242;0.74219;0.75195;0.76172;0.77148;0.78125;0.79102,0.010668032000000001;0.021021696;0.015972352000000002;0.018057216;0.023345151999999997;0.033338368;0.024091648;0.072941568;0.16042905600000001;0.17601945600000002;0.21735936;0.226302976;0.11962368;0.052086784;0.044063744;0.03438592;0.021158912000000002;0.014219264;0.0039546880000000005;0.0046970879999999994;0.00549376;0.005250047999999999;0.004072447999999999;0.0030904319999999997;0.0025344;0.001990656;0.0015687680000000001;0.001021952;0.0007229440000000001;0.00119808;0.0011694079999999998;0.000731136;0.000652288;0.000672768;0.000592896;0.000930816;0.000872448;0.000828416;0.001399808;0.001247232;0.000768;0.000483328;0.000641024;0.00079872;0.0008069119999999999;0.0005744639999999999;0.000528384;0.000323584;0.000418816;0.000557056;0.000636928;0.0005847039999999999;0.00023961599999999998;0.00033894400000000004;0.000659456;0.0007055360000000001;0.0005980159999999999;0.000482304;0.00062976;0.000933888;0.000789504;0.000616448;0.000463872;0.001078272;0.000980992;0.0006891520000000001;0.001052672;0.001777664;0.001759232;0.00241152;0.002783232;0.0029757440000000002;0.0029255680000000004;0.004134912;0.003770368;0.0034385919999999994;0.0020244480000000003;0.002082816;0.002992128
1791252000,hdr,0.0293;0.03906;0.04883;0.05859;0.06836;0.07813;0.08789;0.09766;0.10742;0.11719;0.12695;0.13672;0.14648;0.15625;0.16602;0.17578;0.18555;0.19531;0.20508;0.21484;0.22461;0.23438;0.24414;0.25391;0.26367;0.27344;0.2832;0.29297;0.30273;0.3125;0.32227;0.33203;0.3418;0.35156;0.36133;0.37109;0.38086;0.39063;0.40039;0.41016;0.41992;0.42969;0.43945;0.44922;0.45898;0.46875;0.47852;0.48828;0.49805;0.50781;0.51758;0.52734;0.53711;0.54688;0.55664;0.56641;0.57617;0.58594;0.5957;0.60547;0.61523;0.625;0.63477;0.64453;0.6543;0.66406;0.67383;0.68359;0.69336;0.70313;0.71289;0.72266;0.73242;0.74219;0.75195;0.76172;0.77148;0.78125;0.79102,0.008047616;0.01208832;0.013575168;0.010505216;0.009997312000000001;0.017780736000000002;0.019082239999999997;0.08282624000000001;0.14142668800000002;0.1154816;0.142767104;0.17230438399999998;0.128403456;0.054865920000000006;0.021993472;0.025473023999999997;0.020696064;0.011488255999999999;0.006644736;0.0048762879999999995;0.003350528;0.0042065919999999994;0.004370432;0.003785728;0.002712576;0.001383424;0.0012113920000000002;0.001184768;0.001323008;0.0011786239999999999;0.0005847039999999999;0.0005744639999999999;0.000694272;0.0007229440000000001;0.000801792;0.000990208;0.0008366080000000001;0.0005898240000000001;0.000387072;0.000503808;0.000510976;0.0006144;0.000687104;0.0006277120000000001;0.0008488959999999999;0.0005601279999999999;0.000350208;0.000274432;0.000717824;0.000702464;0.0006123519999999999;0.000592896;0.0005642239999999999;0.0006000640000000001;0.00044544;0.0006993920000000001;0.000900096;0.000712704;0.0006952960000000001;0.0008744960000000001;0.0009973760000000001;0.000651264;0.00082944;0.000882688;0.000910336;0.00165888;0.0016609279999999999;0.001486848;0.002660352;0.0024576;0.002515968;0.003149824;0.003359744;0.002603008;0.0035809279999999997;0.00409088;0.003885056;0.0030525440000000004;0.002143232
1791252900,hdr,0.0293;0.03906;0.04883;0.05859;0.06836;0.07813;0.08789;0.09766;0.10742;0.11719;0.12695;0.13672;0.14648;0.15625;0.16602;0.17578;0.18555;0.19531;0.20508;0.21484;0.22461;0.23438;0.24414;0.25391;0.26367;0.27344;0.2832;0.29297;0.30273;0.3125;0.32227;0.33203;0.3418;0.35156;0.36133;0.37109;0.38086;0.39063;0.40039;0.41016;0.41992;0.42969;0.43945;0.44922;0.45898;0.46875;0.47852;0.48828;0.49805;0.50781;0.51758;0.52734;0.53711;0.54688;0.55664;0.56641;0.57617;0.58594;0.5957;0.60547;0.61523;0.625;0.63477;0.64453;0.6543;0.66406;0.67383;0.68359;0.69336;0.70313;0.71289;0.72266;0.73242;0.74219;0.75195;0.76172;0.77148;0.78125;0.79102,0.00749056;0.011046912;0.015906815999999997;0.014660608;0.01096192;0.018457599999999998;0.031031296000000003;0.08057446400000001;0.19099136;0.282822656;0.17222553599999998;0.096201728;0.103161856;0.052191232;0.038839295999999995;0.0210176;0.010771456;0.0079616;0.00408064;0.004578304;0.0044206079999999995;0.004922368;0.004999168;0.003163136;0.0035368960000000003;0.0037048320000000004;0.0026624;0.001783808;0.000720896;0.0007352319999999999;0.0011264;0.000922624;0.001096704;0.001181696;0.0009359360000000001;0.000434176;0.0005632;0.000736256;0.000617472;0.000504832;0.000776192;0.000703488;0.000621568;0.000463872;0.0005560319999999999;0.000668672;0.000642048;0.000441344;0.00046796800000000003;0.00037478399999999997;0.000315392;0.000451584;0.00046489599999999996;0.00054272;0.000576512;0.00029183999999999997;0.00034201599999999995;0.000441344;0.000653312;0.000736256;0.0006502400000000001;0.000939008;0.0007137280000000001;0.001043456;0.001107968;0.0005877759999999999;0.001792;0.0020746239999999997;0.0024811519999999995;0.0024545279999999997;0.002220032;0.001702912;0.002177024;0.0026644480000000003;0.001933312;0.002168832;0.002377728;0.001364992;0.0012359679999999998
1791253800,hdr,0.0293;0.03906;0.04883;0.05859;0.06836;0.07813;0.08789;0.09766;0.10742;0.11719;0.12695;0.13672;0.14648;0.15625;0.16602;0.17578;0.18555;0.19531;0.20508;0.21484;0.22461;0.23438;0.24414;0.25391;0.26367;0.27344;0.2832;0.29297;0.30273;0.3125;0.32227;0.33203;0.3418;0.35156;0.36133;0.37109;0.38086;0.39063;0.40039;0.41016;0.41992;0.42969;0.43945;0.44922;0.45898;0.46875;0.47852;0.48828;0.49805;0.50781;0.51758;0.52734;0.53711;0.54688;0.55664;0.56641;0.57617;0.58594;0.5957;0.60547;0.61523;0.625;0.63477;0.64453;0.6543;0.66406;0.67383;0.68359;0.69336;0.70313;0.71289;0.72266;0.73242;0.74219;0.75195;0.76172;0.77148;0.78125;0.79102,0.0087296;0.007283712;0.010816511999999999;0.013564928;0.010626048;0.026602496;0.046276608;0.088654848;0.146896896;0.138995712;0.090668032;0.054695936;0.053373952;0.030937087999999998;0.025858047999999998;0.014227456;0.009409536;0.0055930879999999995;0.0063569920000000005;0.004942848;0.0054558720000000005;0.004810752;0.0034385919999999994;0.004102144;0.00349696;0.0025200640000000002;0.002579456;0.002208768;0.0018288640000000001;0.0009973760000000001;0.0010721279999999999;0.0008704;0.000666624;0.000626688;0.0008069119999999999;0.0010936319999999998;0.000769024;0.00052736;0.000415744;0.00037478399999999997;0.000278528;0.000489472;0.00048025600000000003;0.0004352;0.000335872;0.000503808;0.000576512;0.000375808;0.00023040000000000002;0.00040755200000000004;0.000582656;0.000421888;0.000649216;0.0006082559999999999;0.000454656;0.000549888;0.00041472;0.000408576;0.00047104000000000004;0.00039628799999999996;0.000515072;0.000427008;0.000475136;0.000647168;0.0006963200000000001;0.0009543679999999999;0.0007086080000000001;0.00059392;0.001288192;0.001865728;0.00171008;0.0015452159999999999;0.0018718720000000001;0.002020352;0.001466368;0.0018995200000000002;0.0017244159999999999;0.002015232;0.002675712
1791254700,hdr,0.0293;0.03906;0.04883;0.05859;0.06836;0.07813;0.08789;0.09766;0.10742;0.11719;0.12695;0.13672;0.14648;0.15625;0.16602;0.17578;0.18555;0.19531;0.20508;0.21484;0.22461;0.23438;0.24414;0.25391;0.26367;0.27344;0.2832;0.29297;0.30273;0.3125;0.32227;0.33203;0.3418;0.35156;0.36133;0.37109;0.38086;0.39063;0.40039;0.41016;0.41992;0.42969;0.43945;0.44922;0.45898;0.46875;0.47852;0.48828;0.49805;0.50781;0.51758;0.52734;0.53711;0.54688;0.55664;0.56641;0.57617;0.58594;0.5957;0.60547;0.61523;0.625;0.63477;0.64453;0.6543;0.66406;0.67383;0.68359;0.69336;0.70313;0.71289;0.72266;0.73242;0.74219;0.75195;0.76172;0.77148;0.78125;0.79102,0.005860352;0.014823423999999998;0.015577088;0.00906752;0.007899136000000001;0.026118144;0.031909888;0.087831552;0.17244672;0.127782912;0.098393088;0.105228288;0.08426188800000001;0.055354368;0.025894912;0.024967168;0.01519104;0.009292799999999999;0.006163456;0.004475903999999999;0.003996672;0.004063232;0.0026009600000000003;0.003203072;0.0030607359999999997;0.002665472;0.0017479680000000001;0.001058816;0.0006656;0.000703488;0.0005724160000000001;0.000801792;0.001106944;0.0011120639999999998;0.0011407359999999998;0.000831488;0.0005703679999999999;0.0007219199999999999;0.00048742400000000003;0.000356352;0.000505856;0.00039423999999999997;0.00046796800000000003;0.000483328;0.000553984;0.00041779199999999995;0.00040550399999999994;0.00026623999999999994;0.00043110399999999997;0.000613376;0.000484352;0.000449536;0.00047206399999999996;0.00052736;0.000386048;0.000386048;0.000318464;0.000400384;0.000324608;0.000274432;0.0006154239999999999;0.00042803200000000007;0.000390144;0.000252928;0.000226304;0.000229376;0.00040755200000000004;0.000504832;0.000519168;0.000663552;0.00072704;0.00036966399999999996;0.000512;0.0005898240000000001;0.000442368;0.000818176;0.001149952;0.000884736;0.0007423999999999999
1791255600,hdr,0.0293;0.03906;0.04883;0.05859;0.06836;0.07813;0.08789;0.09766;0.10742;0.11719;0.12695;0.13672;0.14648;0.15625;0.16602;0.17578;0.18555;0.19531;0.20508;0.21484;0.22461;0.23438;0.24414;0.25391;0.26367;0.27344;0.2832;0.29297;0.30273;0.3125;0.32227;0.33203;0.3418;0.35156;0.36133;0.37109;0.38086;0.39063;0.40039;0.41016;0.41992;0.42969;0.43945;0.44922;0.45898;0.46875;0.47852;0.48828;0.49805;0.50781;0.51758;0.52734;0.53711;0.54688;0.55664;0.56641;0.57617;0.58594;0.5957;0.60547;0.61523;0.625;0.63477;0.64453;0.6543;0.66406;0.67383;0.68359;0.69336;0.70313;0.71289;0.72266;0.73242;0.74219;0.75195;0.76172;0.77148;0.78125;0.79102,0.003979264;0.005844992;0.0044922880000000005;0.0021780479999999997;0.011290623999999999;0.013739008;0.023845888;0.088731648;0.14238310399999998;0.17551872;0.09056768;0.075185152;0.06839807999999999;0.04093644799999999;0.024131583999999998;0.02848768;0.024995840000000002;0.012942335999999999;0.006181888;0.005562368000000001;0.0040448;0.002199552;0.002651136;0.00181248;0.002279424;0.003515392;0.002577408;0.001528832;0.0014233599999999998;0.0008202239999999999;0.00085504;0.0009768959999999999;0.0009297919999999999;0.0009287680000000001;0.000867328;0.000877568;0.000919552;0.000551936;0.00059392;0.0008192000000000001;0.000733184;0.00035328;0.0005959680000000001;0.00081408;0.000505856;0.00037068800000000004;0.000320512;0.00036147200000000005;0.00024371200000000001;0.00037888;0.000360448;0.00037376;0.00032256;0.000331776;0.00036454399999999996;0.00032768;0.000258048;0.000326656;0.00030208000000000004;0.000381952;0.00033792;0.00028569600000000005;0.00031744;0.000375808;0.000401408;0.00046080000000000003;0.000497664;0.000316416;0.000244736;0.00022323200000000002;0.000218112;0.000186368;0.00026112;0.00028569600000000005;0.00024576000000000003;0.00021401600000000003;0.000331776;0.00040448000000000003;0.000253952
1791256500,hdr,0.0293;0.03906;0.04883;0.05859;0.06836;0.07813;0.08789;0.09766;0.10742;0.11719;0.12695;0.13672;0.14648;0.15625;0.16602;0.17578;0.18555;0.19531;0.20508;0.21484;0.22461;0.23438;0.24414;0.25391;0.26367;0.27344;0.2832;0.29297;0.30273;0.3125;0.32227;0.33203;0.3418;0.35156;0.36133;0.37109;0.38086;0.39063;0.40039;0.41016;0.41992;0.42969;0.43945;0.44922;0.45898;0.46875;0.47852;0.48828;0.49805;0.50781;0.51758;0.52734;0.53711;0.54688;0.55664;0.56641;0.57617;0.58594;0.5957;0.60547;0.61523;0.625;0.63477;0.64453;0.6543;0.66406;0.67383;0.68359;0.69336;0.70313;0.71289;0.72266;0.73242;0.74219;0.75195;0.76172;0.77148;0.78125;0.79102,0.007926784;0.012135424;0.006524928;0.00397312;0.007376896000000001;0.017549312;0.047281152;0.135917568;0.199583744;0.17197568000000002;0.15178444800000002;0.058454016000000004;0.048459775999999996;0.023069696;0.025790464;0.018007040000000002;0.019715072;0.011467776;0.008763392;0.007493631999999999;0.006794240000000001;0.007537664;0.0056872960000000005;0.004990975999999999;0.004057088;0.002395136;0.0022906879999999995;0.0018698239999999997;0.001404928;0.000857088;0.0006737919999999999;0.000905216;0.001180672;0.000687104;0.0009574399999999999;0.001161216;0.000750592;0.0005918719999999999;0.0005918719999999999;0.000734208;0.0006123519999999999;0.000434176;0.000398336;0.000349184;0.000380928;0.00029183999999999997;0.00017408000000000001;0.000283648;0.00037376;0.000313344;0.00036352;0.000329728;0.000411648;0.00027340799999999994;0.000249856;0.00019865600000000002;0.000305152;0.00029388799999999996;0.00021913599999999998;0.000244736;0.000244736;0.000216064;0.000279552;0.0003328;0.000272384;0.0001536;0.000233472;0.000386048;0.00032870400000000003;0.000190464;0.000206848;0.000326656;0.00026112;0.00036249599999999997;0.00034099200000000003;0.00026112;0.000142336;0.00023040000000000002;0.000272384
1791257400,hdr,0.0293;0.03906;0.04883;0.05859;0.06836;0.07813;0.08789;0.09766;0.10742;0.11719;0.12695;0.13672;0.14648;0.15625;0.16602;0.17578;0.18555;0.19531;0.20508;0.21484;0.22461;0.23438;0.24414;0.25391;0.26367;0.27344;0.2832;0.29297;0.30273;0.3125;0.32227;0.33203;0.3418;0.35156;0.36133;0.37109;0.38086;0.39063;0.40039;0.41016;0.41992;0.42969;0.43945;0.44922;0.45898;0.46875;0.47852;0.48828;0.49805;0.50781;0.51758;0.52734;0.53711;0.54688;0.55664;0.56641;0.57617;0.58594;0.5957;0.60547;0.61523;0.625;0.63477;0.64453;0.6543;0.66406;0.67383;0.68359;0.69336;0.70313;0.71289;0.72266;0.73242;0.74219;0.75195;0.76172;0.77148;0.78125;0.79102,0.0025978880000000005;0.0059760640000000005;0.009192448;0.007671808;0.011344896;0.019926016;0.034583552;0.107894784;0.216747008;0.14410649599999997;0.061144064;0.033153024;0.042653696;0.033860608;0.026559488000000003;0.018154496000000003;0.011606016;0.013484032;0.008901632;0.005764096000000001;0.004953088;0.0043929600000000004;0.0034242560000000005;0.0035717120000000003;0.0021442559999999998;0.002307072;0.0021217280000000002;0.001055744;0.000756736;0.001096704;0.00117248;0.0009287680000000001;0.0009768959999999999;0.00101888;0.0006000640000000001;0.000734208;0.000909312;0.0006891520000000001;0.00048127999999999995;0.00028569600000000005;0.000386048;0.000451584;0.000325632;0.000282624;0.00024063999999999997;0.00043008000000000006;0.0003584;0.000162816;0.000264192;0.00023654400000000002;0.000222208;0.00021299199999999998;0.000175104;0.000380928;0.000288768;0.00039731200000000003;0.000429056;0.00030003200000000004;0.000192512;0.000283648;0.00027340799999999994;0.00020480000000000002;0.000196608;0.00019865600000000002;0.000234496;0.00023244799999999998;0.00017100799999999997;0.000190464;0.00026623999999999994;0.000216064;0.000218112;0.000310272;0.000313344;0.000268288;0.00020992;0.000183296;0.00018534400000000002;0.000142336;0.000118784
1791258300,hdr,0.0293;0.03906;0.04883;0.05859;0.06836;0.07813;0.08789;0.09766;0.10742;0.11719;0.12695;0.13672;0.14648;0.15625;0.16602;0.17578;0.18555;0.19531;0.20508;0.21484;0.22461;0.23438;0.24414;0.25391;0.26367;0.27344;0.2832;0.29297;0.30273;0.3125;0.32227;0.33203;0.3418;0.35156;0.36133;0.37109;0.38086;0.39063;0.40039;0.41016;0.41992;0.42969;0.43945;0.44922;0.45898;0.46875;0.47852;0.48828;0.49805;0.50781;0.51758;0.52734;0.53711;0.54688;0.55664;0.56641;0.57617;0.58594;0.5957;0.60547;0.61523;0.625;0.63477;0.64453;0.6543;0.66406;0.67383;0.68359;0.69336;0.70313;0.71289;0.72266;0.73242;0.74219;0.75195;0.76172;0.77148;0.78125;0.79102,0.006111232;0.008956928;0.006116352;0.004202496;0.004678656;0.010073088;0.013833216;0.030552064000000004;0.09536409600000001;0.149424128;0.059694080000000004;0.041691136;0.038585344;0.04210176;0.025330687999999997;0.018440191999999998;0.0101376;0.004665344;0.007061504;0.005740544;0.003687424;0.00398848;0.0030750720000000003;0.002934784;0.002318336;0.0013639680000000001;0.002106368;0.001452032;0.001263616;0.000917504;0.0008622079999999999;0.001675264;0.0013608960000000001;0.001313792;0.0011673599999999999;0.000809984;0.000661504;0.000413696;0.00050176;0.00044032;0.000513024;0.00047411199999999995;0.00039628799999999996;0.00041779199999999995;0.000352256;0.000227328;0.00031129599999999997;0.000274432;0.000206848;0.000256;0.00025088;0.00023961599999999998;0.00039628799999999996;0.00036864000000000005;0.000272384;0.000260096;0.000393216;0.000352256;0.00026112;0.000229376;0.00020992;0.00024780799999999997;0.000237568;0.000308224;0.00023552000000000002;0.000188416;0.00020480000000000002;0.00019865600000000002;0.00022016;0.000164864;0.000144384;0.00010240000000000001;0.00021299199999999998;0.000217088;0.00023040000000000002;0.00026112;0.000227328;0.000144384;0.000191488
1791259200,hdr,0.0293;0.03906;0.04883;0.05859;0.06836;0.07813;0.08789;0.09766;0.10742;0.11719;0.12695;0.13672;0.14648;0.15625;0.16602;0.17578;0.18555;0.19531;0.20508;0.21484;0.22461;0.23438;0.24414;0.25391;0.26367;0.27344;0.2832;0.29297;0.30273;0.3125;0.32227;0.33203;0.3418;0.35156;0.36133;0.37109;0.38086;0.39063;0.40039;0.41016;0.41992;0.42969;0.43945;0.44922;0.45898;0.46875;0.47852;0.48828;0.49805;0.50781;0.51758;0.52734;0.53711;0.54688;0.55664;0.56641;0.57617;0.58594;0.5957;0.60547;0.61523;0.625;0.63477;0.64453;0.6543;0.66406;0.67383;0.68359;0.69336;0.70313;0.71289;0.72266;0.73242;0.74219;0.75195;0.76172;0.77148;0.78125;0.79102,0.00434176;0.0072038399999999995;0.006490112;0.0022353919999999997;0.00868864;0.011791359999999999;0.020947968;0.031902719999999996;0.109120512;0.14397235200000003;0.126639104;0.045144064;0.021123072;0.02029056;0.017527808000000002;0.013662208;0.007757824000000001;0.006326272;0.007591936;0.006474751999999999;0.004983808;0.004494335999999999;0.003712;0.003151872;0.001997824;0.0018882559999999998;0.0012462080000000002;0.0011837439999999998;0.001164288;0.00100352;0.0009256959999999999;0.0009256959999999999;0.001125376;0.0009041920000000001;0.001055744;0.001016832;0.0007075839999999999;0.00047820800000000004;0.00043110399999999997;0.000305152;0.000206848;0.000423936;0.000427008;0.000357376;0.00022016;0.00023961599999999998;0.000246784;0.00029593599999999995;0.00023244799999999998;0.00024576000000000003;0.00025497599999999997;0.00019456;0.000262144;0.0002816;0.00029081600000000006;0.000242688;0.00018739199999999998;0.00018534400000000002;0.00034201599999999995;0.000371712;0.000167936;0.000206848;0.000319488;0.0002816;0.000420864;0.00043827199999999997;0.00029491200000000004;0.00014745600000000002;0.00028569600000000005;0.00029286400000000005;0.00033484799999999995;0.000193536;0.00026112;0.000346112;0.000218112;0.000344064;0.000418816;0.0005007359999999999;0.000346112
1791260100,hdr,0.0293;0.03906;0.04883;0.05859;0.06836;0.07813;0.08789;0.09766;0.10742;0.11719;0.12695;0.13672;0.14648;0.15625;0.16602;0.17578;0.18555;0.19531;0.20508;0.21484;0.22461;0.23438;0.24414;0.25391;0.26367;0.27344;0.2832;0.29297;0.30273;0.3125;0.32227;0.33203;0.3418;0.35156;0.36133;0.37109;0.38086;0.39063;0.40039;0.41016;0.41992;0.42969;0.43945;0.44922;0.45898;0.46875;0.47852;0.48828;0.49805;0.50781;0.51758;0.52734;0.53711;0.54688;0.55664;0.56641;0.57617;0.58594;0.5957;0.60547;0.61523;0.625;0.63477;0.64453;0.6543;0.66406;0.67383;0.68359;0.69336;0.70313;0.71289;0.72266;0.73242;0.74219;0.75195;0.76172;0.77148;0.78125;0.79102,0.006534144;0.006931456;0.006187008;0.007789568;0.009622528;0.0073185279999999995;0.009254911999999999;0.038348799999999995;0.13858304000000002;0.22803148799999998;0.095608832;0.042717184;0.028419072;0.018691072;0.019045376;0.019608576000000003;0.01516032;0.007114752;0.0065064960000000005;0.005204992;0.004867072;0.005623808;0.00349696;0.002973696;0.00249856;0.0014653440000000002;0.0011509760000000002;0.001134592;0.0010598399999999998;0.000787456;0.000937984;0.001153024;0.001069056;0.0010956800000000001;0.001032192;0.000818176;0.0007116799999999999;0.00047411199999999995;0.00024371200000000001;0.000262144;0.000326656;0.000497664;0.000356352;0.000702464;0.000671744;0.0003328;0.000372736;0.00034099200000000003;0.000347136;0.000451584;0.00033792;0.00023552000000000002;0.00027648;0.000303104;0.00026623999999999994;0.000253952;0.000323584;0.00034304;0.000277504;0.00027136;0.00027648;0.00020377600000000002;0.00023654400000000002;0.000233472;0.000218112;0.00030208000000000004;0.000237568;0.000193536;0.000331776;0.000427008;0.00047411199999999995;0.0005601279999999999;0.000559104;0.0008069119999999999;0.000937984;0.000649216;0.001061888;0.0007976959999999999;0.0013393919999999998
1791261000,hdr,0.0293;0.03906;0.04883;0.05859;0.06836;0.07813;0.08789;0.09766;0.10742;0.11719;0.12695;0.13672;0.14648;0.15625;0.16602;0.17578;0.18555;0.19531;0.20508;0.21484;0.22461;0.23438;0.24414;0.25391;0.26367;0.27344;0.2832;0.29297;0.30273;0.3125;0.32227;0.33203;0.3418;0.35156;0.36133;0.37109;0.38086;0.39063;0.40039;0.41016;0.41992;0.42969;0.43945;0.44922;0.45898;0.46875;0.47852;0.48828;0.49805;0.50781;0.51758;0.52734;0.53711;0.54688;0.55664;0.56641;0.57617;0.58594;0.5957;0.60547;0.61523;0.625;0.63477;0.64453;0.6543;0.66406;0.67383;0.68359;0.69336;0.70313;0.71289;0.72266;0.73242;0.74219;0.75195;0.76172;0.77148;0.78125;0.79102,0.0024463360000000003;0.009765888;0.00968192;0.003162112;0.006255616;0.010724352;0.011825152;0.021512192;0.100870144;0.189887488;0.13436723199999998;0.04022784;0.023408639999999998;0.017885184;0.011669503999999999;0.008731648;0.007565312;0.007723008;0.007401472;0.004794368;0.001957888;0.0023203839999999996;0.002486272;0.002192384;0.002105344;0.0013004800000000001;0.001333248;0.0013793280000000002;0.001241088;0.0012072959999999998;0.0007280640000000001;0.00062976;0.000745472;0.000659456;0.000529408;0.00062976;0.00052736;0.000553984;0.0005324799999999999;0.00042803200000000007;0.00045568;0.000641024;0.0005898240000000001;0.00045056;0.0005867520000000001;0.00044646400000000004;0.00033894400000000004;0.000228352;0.000310272;0.00036249599999999997;0.000248832;0.00036454399999999996;0.000382976;0.00023961599999999998;0.000249856;0.000432128;0.000408576;0.000316416;0.000190464;0.00023040000000000002;0.00024371200000000001;0.000224256;0.000172032;0.000169984;0.00020172799999999998;0.000175104;0.000130048;7.372800000000001e-05;0.000141312;0.000246784;0.00017408000000000001;0.000241664;0.00018739199999999998;9.932800000000001e-05;0.00016896;0.000269312;0.000345088;0.000452608;0.00029696
1791261900,hdr,0.0293;0.03906;0.04883;0.05859;0.06836;0.07813;0.08789;0.09766;0.10742;0.11719;0.12695;0.13672;0.14648;0.15625;0.16602;0.17578;0.18555;0.19531;0.20508;0.21484;0.22461;0.23438;0.24414;0.25391;0.26367;0.27344;0.2832;0.29297;0.30273;0.3125;0.32227;0.33203;0.3418;0.35156;0.36133;0.37109;0.38086;0.39063;0.40039;0.41016;0.41992;0.42969;0.43945;0.44922;0.45898;0.46875;0.47852;0.48828;0.49805;0.50781;0.51758;0.52734;0.53711;0.54688;0.55664;0.56641;0.57617;0.58594;0.5957;0.60547;0.61523;0.625;0.63477;0.64453;0.6543;0.66406;0.67383;0.68359;0.69336;0.70313;0.71289;0.72266;0.73242;0.74219;0.75195;0.76172;0.77148;0.78125;0.79102,0.004640767999999999;0.006767616;0.007471104;0.007698432000000001;0.00758784;0.007730176;0.013899775999999999;0.04662784;0.20718899200000002;0.27032576;0.097033216;0.05305344;0.02695168;0.02429952;0.013753344;0.008779776;0.008122368;0.005922816;0.006919168;0.005880831999999999;0.006406144;0.006371328000000001;0.003273728;0.0016670720000000001;0.001161216;0.0013895679999999999;0.0014243840000000001;0.001145856;0.001831936;0.001145856;0.001292288;0.0013752319999999999;0.001348608;0.001097728;0.000694272;0.000648192;0.00048639999999999995;0.0004956159999999999;0.000561152;0.00040448000000000003;0.00036352;0.00051712;0.000381952;0.00028671999999999997;0.00026521600000000003;0.000205824;0.000218112;0.000221184;0.000221184;0.00014950399999999998;0.000190464;0.000321536;0.00027033600000000004;0.000195584;0.00023040000000000002;0.000217088;0.00018739199999999998;0.0001536;0.000130048;0.000156672;0.000120832;8.704000000000001e-05;0.00014848;0.00017100799999999997;0.00015052799999999998;0.000134144;0.00013516800000000002;0.00014745600000000002;0.000159744;7.782399999999999e-05;0.00013824;0.000205824;0.000191488;0.00013516800000000002;0.00018739199999999998;0.0001792;0.000144384;0.000159744;0.000136192
1791262800,hdr,0.0293;0.03906;0.04883;0.05859;0.06836;0.07813;0.08789;0.09766;0.10742;0.11719;0.12695;0.13672;0.14648;0.15625;0.16602;0.17578;0.18555;0.19531;0.20508;0.21484;0.22461;0.23438;0.24414;0.25391;0.26367;0.27344;0.2832;0.29297;0.30273;0.3125;0.32227;0.33203;0.3418;0.35156;0.36133;0.37109;0.38086;0.39063;0.40039;0.41016;0.41992;0.42969;0.43945;0.44922;0.45898;0.46875;0.47852;0.48828;0.49805;0.50781;0.51758;0.52734;0.53711;0.54688;0.55664;0.56641;0.57617;0.58594;0.5957;0.60547;0.61523;0.625;0.63477;0.64453;0.6543;0.66406;0.67383;0.68359;0.69336;0.70313;0.71289;0.72266;0.73242;0.74219;0.75195;0.76172;0.77148;0.78125;0.79102,0.005330944;0.010167296000000001;0.00803328;0.00671744;0.014337024;0.014792704;0.020392959999999998;0.05375283199999999;0.179663872;0.16585318400000001;0.07624192;0.0388352;0.031560704;0.01958912;0.01244672;0.01135616;0.009777152;0.0047790079999999995;0.009121792;0.00843264;0.0053288960000000005;0.006727680000000001;0.006299648;0.005326848;0.002770944;0.002110464;0.0012912639999999999;0.00090624;0.0011356159999999999;0.0013895679999999999;0.0009912319999999999;0.000887808;0.001134592;0.00110592;0.0009625599999999999;0.000432128;0.000526336;0.0006021119999999999;0.000391168;0.000313344;0.000267264;0.000442368;0.000494592;0.000577536;0.0005847039999999999;0.00032256;0.00027648;0.00033689599999999994;0.00029286400000000005;0.00028671999999999997;0.000157696;0.000131072;0.00018944;0.000218112;0.000161792;0.000207872;0.00015872;0.000140288;0.00015564799999999998;0.000200704;0.000176128;0.000169984;0.00014335999999999998;0.000136192;0.00011776000000000001;0.000186368;0.00023244799999999998;0.000165888;0.000113664;0.00010752000000000001;0.00014848;0.00020992;0.00020480000000000002;0.000120832;0.000118784;8.704000000000001e-05;9.113599999999999e-05;0.000128;0.000162816
1791263700,hdr,0.0293;0.03906;0.04883;0.05859;0.06836;0.07813;0.08789;0.09766;0.10742;0.11719;0.12695;0.13672;0.14648;0.15625;0.16602;0.17578;0.18555;0.19531;0.20508;0.21484;0.22461;0.23438;0.24414;0.25391;0.26367;0.27344;0.2832;0.29297;0.30273;0.3125;0.32227;0.33203;0.3418;0.35156;0.36133;0.37109;0.38086;0.39063;0.40039;0.41016;0.41992;0.42969;0.43945;0.44922;0.45898;0.46875;0.47852;0.48828;0.49805;0.50781;0.51758;0.52734;0.53711;0.54688;0.55664;0.56641;0.57617;0.58594;0.5957;0.60547;0.61523;0.625;0.63477;0.64453;0.6543;0.66406;0.67383;0.68359;0.69336;0.70313;0.71289;0.72266;0.73242;0.74219;0.75195;0.76172;0.77148;0.78125;0.79102,0.006603776;0.006099968;0.008895488000000002;0.01212416;0.016234495999999998;0.026304512;0.018250751999999995;0.04947968;0.20739481599999998;0.17745408000000001;0.082942976;0.04770508800000001;0.027524096;0.017410047999999997;0.009930752000000001;0.010590208;0.011707392;0.008620032;0.008054783999999999;0.0057968640000000005;0.005890048;0.0052592640000000005;0.0035829760000000003;0.003223552;0.001769472;0.00163328;0.001678336;0.001152;0.001271808;0.000641024;0.001152;0.001327104;0.0012554240000000002;0.000950272;0.000799744;0.0005744639999999999;0.000434176;0.00054272;0.00041676800000000003;0.000339968;0.000698368;0.000690176;0.0005089280000000001;0.000319488;0.000289792;0.000233472;0.000382976;0.000401408;0.000263168;0.00027340799999999994;0.00027340799999999994;0.00017715200000000003;0.00020172799999999998;0.00027136;0.00034816000000000003;0.000237568;0.000172032;0.00016896;0.00021913599999999998;0.000172032;0.000186368;0.00019968;0.000161792;0.00023961599999999998;0.00021401600000000003;0.000237568;0.00014950399999999998;0.00018432000000000002;0.00014950399999999998;0.00023244799999999998;0.00035328;0.00041779199999999995;0.000344064;0.00036454399999999996;0.000310272;0.000395264;0.000352256;0.000567296;0.0009431040000000001
1791264600,hdr,0.0293;0.03906;0.04883;0.05859;0.06836;0.07813;0.08789;0.09766;0.10742;0.11719;0.12695;0.13672;0.14648;0.15625;0.16602;0.17578;0.18555;0.19531;0.20508;0.21484;0.22461;0.23438;0.24414;0.25391;0.26367;0.27344;0.2832;0.29297;0.30273;0.3125;0.32227;0.33203;0.3418;0.35156;0.36133;0.37109;0.38086;0.39063;0.40039;0.41016;0.41992;0.42969;0.43945;0.44922;0.45898;0.46875;0.47852;0.48828;0.49805;0.50781;0.51758;0.52734;0.53711;0.54688;0.55664;0.56641;0.57617;0.58594;0.5957;0.60547;0.61523;0.625;0.63477;0.64453;0.6543;0.66406;0.67383;0.68359;0.69336;0.70313;0.71289;0.72266;0.73242;0.74219;0.75195;0.76172;0.77148;0.78125;0.79102,0.004788223999999999;0.008629247999999999;0.0087808;0.010791936;0.013079552;0.014886912;0.011767808000000001;0.062328831999999994;0.323411968;0.368562176;0.15538380799999998;0.057956351999999996;0.021492736000000002;0.009112576;0.007364607999999999;0.007566335999999999;0.007553023999999999;0.008331264;0.0060887039999999995;0.005706752;0.006473728;0.004645888;0.005059584;0.00619008;0.0030300159999999995;0.0018360320000000002;0.001352704;0.001532928;0.0009738240000000001;0.001062912;0.0013926400000000001;0.001641472;0.00165888;0.000965632;0.000753664;0.0006041600000000001;0.000610304;0.00044544;0.00043008000000000006;0.00036147200000000005;0.00033689599999999994;0.000345088;0.000423936;0.000305152;0.00020172799999999998;0.00015872;0.00022016;0.00023142399999999999;0.000253952;0.00041062399999999995;0.00041062399999999995;0.000229376;0.00030208000000000004;0.000329728;0.000226304;0.00031232;0.000461824;0.00043724800000000005;0.000453632;0.000485376;0.000211968;0.00031129599999999997;0.000278528;0.000347136;0.000315392;0.000318464;0.00036966399999999996;0.000272384;0.000357376;0.000423936;0.00027033600000000004;0.00027340799999999994;0.000329728;0.000413696;0.00036352;0.000335872;0.000408576;0.00076288;0.00091136
1791265500,hdr,0.0293;0.03906;0.04883;0.05859;0.06836;0.07813;0.08789;0.09766;0.10742;0.11719;0.12695;0.13672;0.14648;0.15625;0.16602;0.17578;0.18555;0.19531;0.20508;0.21484;0.22461;0.23438;0.24414;0.25391;0.26367;0.27344;0.2832;0.29297;0.30273;0.3125;0.32227;0.33203;0.3418;0.35156;0.36133;0.37109;0.38086;0.39063;0.40039;0.41016;0.41992;0.42969;0.43945;0.44922;0.45898;0.46875;0.47852;0.48828;0.49805;0.50781;0.51758;0.52734;0.53711;0.54688;0.55664;0.56641;0.57617;0.58594;0.5957;0.60547;0.61523;0.625;0.63477;0.64453;0.6543;0.66406;0.67383;0.68359;0.69336;0.70313;0.71289;0.72266;0.73242;0.74219;0.75195;0.76172;0.77148;0.78125;0.79102,0.004214784;0.005778432;0.005651455999999999;0.006250496;0.012821504;0.011424768;0.011396096;0.071841792;0.222941184;0.28447232;0.13486591999999997;0.044023808000000005;0.015684608;0.010578944;0.008183808;0.004709376;0.004324352;0.0031569919999999995;0.002994176;0.004952064;0.008046592;0.009203712;0.006549504;0.00276992;0.0024791039999999998;0.0023552;0.0016670720000000001;0.001242112;0.000963584;0.001092608;0.001416192;0.00164864;0.0019824639999999998;0.00200704;0.001446912;0.001134592;0.0006973439999999999;0.00052224;0.00047206399999999996;0.000412672;0.000268288;0.000381952;0.000449536;0.0006932479999999999;0.0006840319999999999;0.0003328;0.000420864;0.000423936;0.00032768;0.000320512;0.00032768;0.000282624;0.00031232;0.000432128;0.00030105599999999996;0.000269312;0.000282624;0.000323584;0.00043827199999999997;0.000313344;0.000318464;0.000217088;0.00014745600000000002;0.000205824;0.000222208;0.00020889599999999997;0.000159744;0.00036352;0.000375808;0.000279552;0.00030208000000000004;0.00023142399999999999;0.000313344;0.000371712;0.000347136;0.000411648;0.000459776;0.000502784;0.0006604799999999999
1791266400,hdr,0.0293;0.03906;0.04883;0.05859;0.06836;0.07813;0.08789;0.09766;0.10742;0.11719;0.12695;0.13672;0.14648;0.15625;0.16602;0.17578;0.18555;0.19531;0.20508;0.21484;0.22461;0.23438;0.24414;0.25391;0.26367;0.27344;0.2832;0.29297;0.30273;0.3125;0.32227;0.33203;0.3418;0.35156;0.36133;0.37109;0.38086;0.39063;0.40039;0.41016;0.41992;0.42969;0.43945;0.44922;0.45898;0.46875;0.47852;0.48828;0.49805;0.50781;0.51758;0.52734;0.53711;0.54688;0.55664;0.56641;0.57617;0.58594;0.5957;0.60547;0.61523;0.625;0.63477;0.64453;0.6543;0.66406;0.67383;0.68359;0.69336;0.70313;0.71289;0.72266;0.73242;0.74219;0.75195;0.76172;0.77148;0.78125;0.79102,0.002038784;0.002976768;0.002924544;0.005762048;0.0077742079999999995;0.004968448;0.008544256000000002;0.052559871999999994;0.31249817599999996;0.5427886080000001;0.150535168;0.027378688;0.017779712;0.013023232;0.008434688000000001;0.004810752;0.00659456;0.0047912960000000004;0.0033546239999999996;0.004329472;0.005606399999999999;0.004859904000000001;0.004461567999999999;0.002920448;0.002299904;0.001722368;0.001217536;0.001174528;0.0017336320000000001;0.0011233280000000003;0.0009482239999999999;0.00117248;0.001431552;0.001344512;0.001247232;0.0013864959999999999;0.000922624;0.00054272;0.0005857280000000001;0.00043008000000000006;0.000246784;0.00030003200000000004;0.00033382400000000003;0.00044646400000000004;0.000715776;0.00076288;0.00048127999999999995;0.000518144;0.0004956159999999999;0.00040448000000000003;0.000320512;0.000400384;0.000418816;0.000555008;0.000279552;0.000349184;0.000375808;0.00020377600000000002;0.000173056;0.00023654400000000002;0.00029081600000000006;0.00030105599999999996;0.000193536;0.00024576000000000003;0.00035328;0.000267264;0.00021913599999999998;0.000205824;0.00023552000000000002;0.00030003200000000004;0.00038912;0.000357376;0.000267264;0.000321536;0.00026623999999999994;0.00029593599999999995;0.000263168;0.000264192;0.0003328
1791267300,hdr,0.0293;0.03906;0.04883;0.05859;0.06836;0.07813;0.08789;0.09766;0.10742;0.11719;0.12695;0.13672;0.14648;0.15625;0.16602;0.17578;0.18555;0.19531;0.20508;0.21484;0.22461;0.23438;0.24414;0.25391;0.26367;0.27344;0.2832;0.29297;0.30273;0.3125;0.32227;0.33203;0.3418;0.35156;0.36133;0.37109;0.38086;0.39063;0.40039;0.41016;0.41992;0.42969;0.43945;0.44922;0.45898;0.46875;0.47852;0.48828;0.49805;0.50781;0.51758;0.52734;0.53711;0.54688;0.55664;0.56641;0.57617;0.58594;0.5957;0.60547;0.61523;0.625;0.63477;0.64453;0.6543;0.66406;0.67383;0.68359;0.69336;0.70313;0.71289;0.72266;0.73242;0.74219;0.75195;0.76172;0.77148;0.78125;0.79102,0.0026695679999999998;0.005279743999999999;0.004465664;0.007768064000000001;0.00493056;0.008153088000000001;0.011963392;0.041056256;0.19920384000000002;0.290284544;0.137068544;0.037282815999999996;0.010739712000000002;0.007166975999999999;0.008300544;0.003633152;0.0032942079999999994;0.0043284479999999995;0.00317952;0.006448128;0.006528;0.005124096;0.004446208000000001;0.0022015999999999997;0.001404928;0.001117184;0.000986112;0.001381376;0.0011673599999999999;0.000868352;0.001242112;0.001383424;0.0012871680000000002;0.0014735360000000001;0.000950272;0.00065536;0.000420864;0.000371712;0.000497664;0.000493568;0.000561152;0.000388096;0.000418816;0.000456704;0.000812032;0.000770048;0.000635904;0.00040550399999999994;0.000321536;0.000325632;0.000268288;0.000320512;0.000463872;0.00029286400000000005;0.000386048;0.000520192;0.000461824;0.000515072;0.0005324799999999999;0.000401408;0.000357376;0.00029183999999999997;0.000326656;0.000310272;0.000303104;0.00023142399999999999;0.000192512;0.000195584;0.000256;0.000252928;0.00014848;0.00016384;0.000197632;0.00024063999999999997;0.000268288;0.00023142399999999999;0.00040448000000000003;0.000339968;0.000284672
1791268200,hdr,0.0293;0.03906;0.04883;0.05859;0.06836;0.07813;0.08789;0.09766;0.10742;0.11719;0.12695;0.13672;0.14648;0.15625;0.16602;0.17578;0.18555;0.19531;0.20508;0.21484;0.22461;0.23438;0.24414;0.25391;0.26367;0.27344;0.2832;0.29297;0.30273;0.3125;0.32227;0.33203;0.3418;0.35156;0.36133;0.37109;0.38086;0.39063;0.40039;0.41016;0.41992;0.42969;0.43945;0.44922;0.45898;0.46875;0.47852;0.48828;0.49805;0.50781;0.51758;0.52734;0.53711;0.54688;0.55664;0.56641;0.57617;0.58594;0.5957;0.60547;0.61523;0.625;0.63477;0.64453;0.6543;0.66406;0.67383;0.68359;0.69336;0.70313;0.71289;0.72266;0.73242;0.74219;0.75195;0.76172;0.77148;0.78125;0.79102,0.0036577280000000003;0.009791488;0.008536064;0.005523456;0.012578816;0.014951424;0.009894912;0.031685632;0.20948480000000003;0.345158656;0.14101504;0.023164928;0.013797376;0.009401343999999999;0.00869888;0.006408192;0.006142976;0.0063150079999999996;0.0043304960000000005;0.005273600000000001;0.007632896;0.008713216;0.004414464;0.003429376;0.002558976;0.001460224;0.000989184;0.000754688;0.001313792;0.001430528;0.000772096;0.00042291200000000006;0.0010598399999999998;0.0012912639999999999;0.001615872;0.0015411200000000002;0.000831488;0.000514048;0.00036864000000000005;0.00023244799999999998;0.00032768;0.00044544;0.000468992;0.000441344;0.000381952;0.00046284799999999997;0.000544768;0.00042496;0.000372736;0.00036249599999999997;0.00029696;0.00027648;0.000284672;0.00019456;0.000237568;0.00039628799999999996;0.00039731200000000003;0.00042291200000000006;0.000610304;0.0005888;0.00045056;0.00057856;0.00041062399999999995;0.00037785600000000004;0.000441344;0.000636928;0.0005898240000000001;0.0013608960000000001;0.001980416;0.0017971200000000001;0.001466368;0.001670144;0.0015144960000000002;0.0014632959999999998;0.0013424640000000002;0.0024494079999999997;0.002870272;0.0021780479999999997;0.00282112
1791269100,hdr,0.0293;0.03906;0.04883;0.05859;0.06836;0.07813;0.08789;0.09766;0.10742;0.11719;0.12695;0.13672;0.14648;0.15625;0.16602;0.17578;0.18555;0.19531;0.20508;0.21484;0.22461;0.23438;0.24414;0.25391;0.26367;0.27344;0.2832;0.29297;0.30273;0.3125;0.32227;0.33203;0.3418;0.35156;0.36133;0.37109;0.38086;0.39063;0.40039;0.41016;0.41992;0.42969;0.43945;0.44922;0.45898;0.46875;0.47852;0.48828;0.49805;0.50781;0.51758;0.52734;0.53711;0.54688;0.55664;0.56641;0.57617;0.58594;0.5957;0.60547;0.61523;0.625;0.63477;0.64453;0.6543;0.66406;0.67383;0.68359;0.69336;0.70313;0.71289;0.72266;0.73242;0.74219;0.75195;0.76172;0.77148;0.78125;0.79102,0.00556544;0.003994624;0.004615167999999999;0.005428224000000001;0.0033310719999999996;0.001635328;0.006953984000000001;0.046944256000000004;0.27949056;0.368397312;0.16821248;0.046424064;0.010438656;0.005031936;0.004787200000000001;0.003801088;0.005327872;0.005376;0.003382272;0.0035287039999999997;0.005199872;0.007149568;0.004025343999999999;0.002589696;0.001563648;0.001022976;0.000939008;0.000769024;0.000649216;0.0008601600000000001;0.0008622079999999999;0.0009738240000000001;0.00151552;0.00185856;0.001548288;0.000918528;0.0006000640000000001;0.000516096;0.000510976;0.00043724800000000005;0.000365568;0.00043827199999999997;0.000380928;0.00029183999999999997;0.000395264;0.00048639999999999995;0.0007116799999999999;0.000628736;0.000360448;0.00030412799999999997;0.000156672;0.000262144;0.00031744;0.00026112;0.00041062399999999995;0.00062464;0.0005376000000000001;0.000371712;0.00036966399999999996;0.000731136;0.000531456;0.0005959680000000001;0.0009605120000000001;0.0011448320000000001;0.0009420800000000001;0.0012953600000000002;0.001915904;0.0015493120000000002;0.002706432;0.0034867200000000004;0.003724288;0.0032133120000000003;0.003207168;0.004419584000000001;0.0057200639999999995;0.004780032;0.002046976;0.0024903679999999997;0.003423232
1791270000,hdr,0.0293;0.03906;0.04883;0.05859;0.06836;0.07813;0.08789;0.09766;0.10742;0.11719;0.12695;0.13672;0.14648;0.15625;0.16602;0.17578;0.18555;0.19531;0.20508;0.21484;0.22461;0.23438;0.24414;0.25391;0.26367;0.27344;0.2832;0.29297;0.30273;0.3125;0.32227;0.33203;0.3418;0.35156;0.36133;0.37109;0.38086;0.39063;0.40039;0.41016;0.41992;0.42969;0.43945;0.44922;0.45898;0.46875;0.47852;0.48828;0.49805;0.50781;0.51758;0.52734;0.53711;0.54688;0.55664;0.56641;0.57617;0.58594;0.5957;0.60547;0.61523;0.625;0.63477;0.64453;0.6543;0.66406;0.67383;0.68359;0.69336;0.70313;0.71289;0.72266;0.73242;0.74219;0.75195;0.76172;0.77148;0.78125;0.79102,0.005185536;0.006503424;0.006550528;0.005716992000000001;0.006145024000000001;0.005663744000000001;0.008694783999999999;0.032479232000000004;0.13084774400000002;0.21917593600000002;0.146412544;0.05113548800000001;0.013652992000000001;0.010652672;0.00743424;0.003922944;0.002563072;0.0036505599999999997;0.0040192;0.0028088320000000003;0.003391488;0.004258816;0.002484224;0.002008064;0.0016988160000000001;0.0009748480000000001;0.0010465279999999997;0.001159168;0.0009697280000000001;0.0007464960000000001;0.0007075839999999999;0.00092672;0.0008519679999999999;0.001758208;0.001900544;0.001011712;0.0006656;0.000555008;0.00028671999999999997;0.00024063999999999997;0.00036249599999999997;0.000357376;0.00034304;0.000456704;0.00047206399999999996;0.000429056;0.000314368;0.000229376;0.00016691200000000002;0.000180224;0.000228352;0.000257024;0.000279552;0.000268288;0.000282624;0.000345088;0.00041676800000000003;0.000386048;0.00029798400000000005;0.00033382400000000003;0.000345088;0.000288768;0.000484352;0.000882688;0.000996352;0.001338368;0.001238016;0.001261568;0.0022855680000000004;0.00231424;0.002982912;0.004789247999999999;0.005005312;0.004914176;0.005096447999999999;0.004496384;0.0029634559999999997;0.002879488;0.0022466560000000005
1791270900,hdr,0.0293;0.03906;0.04883;0.05859;0.06836;0.07813;0.08789;0.09766;0.10742;0.11719;0.12695;0.13672;0.14648;0.15625;0.16602;0.17578;0.18555;0.19531;0.20508;0.21484;0.22461;0.23438;0.24414;0.25391;0.26367;0.27344;0.2832;0.29297;0.30273;0.3125;0.32227;0.33203;0.3418;0.35156;0.36133;0.37109;0.38086;0.39063;0.40039;0.41016;0.41992;0.42969;0.43945;0.44922;0.45898;0.46875;0.47852;0.48828;0.49805;0.50781;0.51758;0.52734;0.53711;0.54688;0.55664;0.56641;0.57617;0.58594;0.5957;0.60547;0.61523;0.625;0.63477;0.64453;0.6543;0.66406;0.67383;0.68359;0.69336;0.70313;0.71289;0.72266;0.73242;0.74219;0.75195;0.76172;0.77148;0.78125;0.79102,0.001700864;0.002369536;0.00473088;0.004190208000000001;0.0069375999999999995;0.012132351999999999;0.010630144000000001;0.03837951999999999;0.160961536;0.321458176;0.187312128;0.044699648;0.018497536;0.007159808;0.0035696639999999997;0.0024381439999999997;0.0044103680000000004;0.0034908160000000003;0.0023941119999999995;0.0031897600000000003;0.00413184;0.003483648;0.002424832;0.0021667839999999997;0.001509376;0.001007616;0.000550912;0.0005898240000000001;0.0005847039999999999;0.000497664;0.000654336;0.0006502400000000001;0.0007884799999999999;0.0008335360000000001;0.0011673599999999999;0.00077312;0.000610304;0.0004884479999999999;0.000401408;0.000259072;0.000191488;0.000280576;0.000423936;0.000577536;0.00031744;0.000379904;0.00039936;0.00036249599999999997;0.00034304;0.00026521600000000003;0.000210944;0.00022528;0.000274432;0.000436224;0.000482304;0.000606208;0.0012032;0.001133568;0.000772096;0.001391616;0.001795072;0.0026705920000000003;0.004774911999999999;0.005121024;0.0055951360000000006;0.006363135999999999;0.005603328;0.003129344;0.002366464;0.0025047039999999995;0.00277504;0.003239936;0.0038871039999999997;0.005284863999999999;0.00457216;0.003252224;0.003032064;0.0016424959999999998;0.001292288
1791271800,hdr,0.0293;0.03906;0.04883;0.05859;0.06836;0.07813;0.08789;0.09766;0.10742;0.11719;0.12695;0.13672;0.14648;0.15625;0.16602;0.17578;0.18555;0.19531;0.20508;0.21484;0.22461;0.23438;0.24414;0.25391;0.26367;0.27344;0.2832;0.29297;0.30273;0.3125;0.32227;0.33203;0.3418;0.35156;0.36133;0.37109;0.38086;0.39063;0.40039;0.41016;0.41992;0.42969;0.43945;0.44922;0.45898;0.46875;0.47852;0.48828;0.49805;0.50781;0.51758;0.52734;0.53711;0.54688;0.55664;0.56641;0.57617;0.58594;0.5957;0.60547;0.61523;0.625;0.63477;0.64453;0.6543;0.66406;0.67383;0.68359;0.69336;0.70313;0.71289;0.72266;0.73242;0.74219;0.75195;0.76172;0.77148;0.78125;0.79102,0.00178176;0.007013376;0.010944511999999998;0.002864128;0.006209536;0.006567936000000001;0.006948864000000001;0.023605248;0.12934758400000002;0.304681984;0.155329536;0.05782220800000001;0.024232959999999998;0.006482943999999999;0.004887552000000001;0.0039168;0.0029122560000000002;0.0026398719999999997;0.002280448;0.001818624;0.003982336;0.0038144;0.002482176;0.002651136;0.00171008;0.000756736;0.000533504;0.000688128;0.000611328;0.0007116799999999999;0.0006502400000000001;0.0010178560000000001;0.0012523519999999998;0.00076288;0.00089088;0.000514048;0.00048127999999999995;0.00031232;0.00047001599999999997;0.000594944;0.00046284799999999997;0.00041472;0.0003328;0.00044339199999999997;0.000413696;0.000617472;0.0005836799999999999;0.000385024;0.00037068800000000004;0.00031129599999999997;0.000207872;0.00020275199999999997;0.0002816;0.00045056;0.0005724160000000001;0.000674816;0.000903168;0.0013639680000000001;0.001401856;0.001714176;0.0018800639999999999;0.0014530559999999999;0.001420288;0.002020352;0.005803008;0.004251648;0.0027217920000000002;0.0029870079999999998;0.0071362560000000005;0.009846783999999999;0.004508671999999999;0.00247808;0.003535872;0.003286016;0.002550784;0.002156544;0.0015851519999999998;0.0020592640000000003;0.001593344
1791272700,hdr,0.0293;0.03906;0.04883;0.05859;0.06836;0.07813;0.08789;0.09766;0.10742;0.11719;0.12695;0.13672;0.14648;0.15625;0.16602;0.17578;0.18555;0.19531;0.20508;0.21484;0.22461;0.23438;0.24414;0.25391;0.26367;0.27344;0.2832;0.29297;0.30273;0.3125;0.32227;0.33203;0.3418;0.35156;0.36133;0.37109;0.38086;0.39063;0.40039;0.41016;0.41992;0.42969;0.43945;0.44922;0.45898;0.46875;0.47852;0.48828;0.49805;0.50781;0.51758;0.52734;0.53711;0.54688;0.55664;0.56641;0.57617;0.58594;0.5957;0.60547;0.61523;0.625;0.63477;0.64453;0.6543;0.66406;0.67383;0.68359;0.69336;0.70313;0.71289;0.72266;0.73242;0.74219;0.75195;0.76172;0.77148;0.78125;0.79102,0.002767872;0.006930431999999999;0.00826368;0.005083135999999999;0.008278016;0.003780608;0.002852864;0.014292992000000001;0.136853504;0.24535347200000002;0.150918144;0.05043712;0.01069056;0.0070144000000000005;0.003649536;0.002159616;0.002768896;0.0022927360000000005;0.0034078719999999997;0.003067904;0.0028876799999999997;0.004078592000000001;0.0026071040000000003;0.001913856;0.001323008;0.0006502400000000001;0.000499712;0.000601088;0.000468992;0.00047411199999999995;0.00044339199999999997;0.0005888;0.0009738240000000001;0.000748544;0.000817152;0.000889856;0.000448512;0.000258048;0.00030924800000000003;0.00028774400000000004;0.0003072;0.000268288;0.00026623999999999994;0.000413696;0.0006696959999999999;0.000510976;0.000350208;0.000274432;0.000192512;0.00019456;0.00027136;0.000226304;0.00029900799999999997;0.000331776;0.00022323200000000002;0.00024780799999999997;0.000308224;0.00029388799999999996;0.00024063999999999997;0.00039423999999999997;0.000688128;0.0007219199999999999;0.0012001280000000002;0.0014581759999999998;0.002061312;0.002060288;0.0017725439999999998;0.002021376;0.0052572159999999995;0.005398528;0.004599808;0.004630528;0.003807232;0.00390144;0.00274944;0.002019328;0.002911232;0.0027648;0.0016435199999999999
1791273600,hdr,0.0293;0.03906;0.04883;0.05859;0.06836;0.07813;0.08789;0.09766;0.10742;0.11719;0.12695;0.13672;0.14648;0.15625;0.16602;0.17578;0.18555;0.19531;0.20508;0.21484;0.22461;0.23438;0.24414;0.25391;0.26367;0.27344;0.2832;0.29297;0.30273;0.3125;0.32227;0.33203;0.3418;0.35156;0.36133;0.37109;0.38086;0.39063;0.40039;0.41016;0.41992;0.42969;0.43945;0.44922;0.45898;0.46875;0.47852;0.48828;0.49805;0.50781;0.51758;0.52734;0.53711;0.54688;0.55664;0.56641;0.57617;0.58594;0.5957;0.60547;0.61523;0.625;0.63477;0.64453;0.6543;0.66406;0.67383;0.68359;0.69336;0.70313;0.71289;0.72266;0.73242;0.74219;0.75195;0.76172;0.77148;0.78125;0.79102,0.002845696;0.003055616;0.0029409279999999998;0.003191808;0.007967743999999999;0.010717184;0.01452544;0.044081152;0.069031936;0.13046681599999999;0.128775168;0.036927487999999994;0.01371136;0.007109632;0.006761472000000001;0.004296704;0.00230912;0.003024896;0.00326656;0.002404352;0.002837504;0.0031324160000000003;0.002651136;0.001655808;0.001217536;0.000731136;0.0007137280000000001;0.000818176;0.000642048;0.00034304;0.000466944;0.000512;0.00043008000000000006;0.000449536;0.000484352;0.00040755200000000004;0.000536576;0.0005416959999999999;0.00037478399999999997;0.000200704;0.000284672;0.000303104;0.00042598399999999997;0.00044032;0.000331776;0.00018432000000000002;0.00021504000000000003;0.00030412799999999997;0.00036864000000000005;0.00030924800000000003;0.000283648;0.000172032;0.000356352;0.00037888;0.000468992;0.000423936;0.000776192;0.00081408;0.001345536;0.0016220159999999998;0.0017766400000000001;0.001391616;0.001483776;0.0021227520000000003;0.003149824;0.005055488;0.005157888;0.0048363519999999995;0.004660224;0.0035932159999999998;0.00384512;0.0038492160000000004;0.0025262080000000003;0.002200576;0.003306496;0.001391616;0.001687552;0.0015185919999999998;0.0007086080000000001
1791274500,hdr,0.0293;0.03906;0.04883;0.05859;0.06836;0.07813;0.08789;0.09766;0.10742;0.11719;0.12695;0.13672;0.14648;0.15625;0.16602;0.17578;0.18555;0.19531;0.20508;0.21484;0.22461;0.23438;0.24414;0.25391;0.26367;0.27344;0.2832;0.29297;0.30273;0.3125;0.32227;0.33203;0.3418;0.35156;0.36133;0.37109;0.38086;0.39063;0.40039;0.41016;0.41992;0.42969;0.43945;0.44922;0.45898;0.46875;0.47852;0.48828;0.49805;0.50781;0.51758;0.52734;0.53711;0.54688;0.55664;0.56641;0.57617;0.58594;0.5957;0.60547;0.61523;0.625;0.63477;0.64453;0.6543;0.66406;0.67383;0.68359;0.69336;0.70313;0.71289;0.72266;0.73242;0.74219;0.75195;0.76172;0.77148;0.78125;0.79102,0.005186560000000001;0.009360384;0.008025088000000001;0.0027893759999999997;0.006575103999999999;0.0055582719999999995;0.0025333760000000004;0.045038592;0.123798528;0.15421235200000002;0.12422963199999999;0.043646976000000004;0.013280255999999999;0.008025088000000001;0.00430592;0.002226176;0.0022937599999999997;0.00221184;0.003232768;0.0026705920000000003;0.003072;0.003134464;0.003206144;0.002441216;0.001486848;0.0006021119999999999;0.0009482239999999999;0.000843776;0.0009564160000000001;0.0011120639999999998;0.001036288;0.000744448;0.000837632;0.000922624;0.000930816;0.000730112;0.000503808;0.00047104000000000004;0.000420864;0.00045056;0.000427008;0.0004986880000000001;0.00043827199999999997;0.000499712;0.00034304;0.000401408;0.00037376;0.00044339199999999997;0.0005089280000000001;0.000459776;0.0005888;0.0006789119999999999;0.000549888;0.0006123519999999999;0.000638976;0.0010199039999999999;0.001226752;0.001420288;0.002204672;0.002205696;0.0029880320000000003;0.0033955839999999997;0.0050503679999999995;0.0052541440000000005;0.0028549120000000002;0.00290304;0.0038307840000000003;0.004881408;0.003464192;0.00300032;0.003844096;0.003099648;0.0028989440000000005;0.00317952;0.002972672;0.00255488;0.001845248;0.0016138239999999998;0.0015953919999999997
1791275400,hdr,0.0293;0.03906;0.04883;0.05859;0.06836;0.07813;0.08789;0.09766;0.10742;0.11719;0.12695;0.13672;0.14648;0.15625;0.16602;0.17578;0.18555;0.19531;0.20508;0.21484;0.22461;0.23438;0.24414;0.25391;0.26367;0.27344;0.2832;0.29297;0.30273;0.3125;0.32227;0.33203;0.3418;0.35156;0.36133;0.37109;0.38086;0.39063;0.40039;0.41016;0.41992;0.42969;0.43945;0.44922;0.45898;0.46875;0.47852;0.48828;0.49805;0.50781;0.51758;0.52734;0.53711;0.54688;0.55664;0.56641;0.57617;0.58594;0.5957;0.60547;0.61523;0.625;0.63477;0.64453;0.6543;0.66406;0.67383;0.68359;0.69336;0.70313;0.71289;0.72266;0.73242;0.74219;0.75195;0.76172;0.77148;0.78125;0.79102,0.003926016;0.010099712;0.009069568000000002;0.007590912;0.008767487999999999;0.008293376;0.016196608;0.057076735999999996;0.07088435200000001;0.150029312;0.182375424;0.059147264000000005;0.012121088;0.005331967999999999;0.003004416;0.002412544;0.003069952;0.0024637440000000004;0.002276352;0.0017807360000000002;0.003718144;0.00543744;0.004767744000000001;0.0026480640000000003;0.001405952;0.000852992;0.00043827199999999997;0.000448512;0.000605184;0.000565248;0.000482304;0.0008601600000000001;0.0011264;0.000796672;0.00061952;0.000738304;0.000458752;0.000310272;0.000303104;0.000344064;0.00027648;0.000347136;0.00031129599999999997;0.000319488;0.000344064;0.0004915200000000001;0.00052224;0.00044339199999999997;0.000413696;0.000310272;0.00033484799999999995;0.000637952;0.0006502400000000001;0.000782336;0.0008744960000000001;0.0011356159999999999;0.00151552;0.002184192;0.002803712;0.002234368;0.003288064;0.0074854399999999995;0.008838144000000001;0.007713792;0.00789504;0.006964224;0.004516864;0.007441408;0.004332544000000001;0.005825536;0.00576512;0.0051968;0.004118528000000001;0.003652608;0.002787328;0.00239616;0.001408;0.001139712;0.001615872
1791276300,hdr,0.0293;0.03906;0.04883;0.05859;0.06836;0.07813;0.08789;0.09766;0.10742;0.11719;0.12695;0.13672;0.14648;0.15625;0.16602;0.17578;0.18555;0.19531;0.20508;0.21484;0.22461;0.23438;0.24414;0.25391;0.26367;0.27344;0.2832;0.29297;0.30273;0.3125;0.32227;0.33203;0.3418;0.35156;0.36133;0.37109;0.38086;0.39063;0.40039;0.41016;0.41992;0.42969;0.43945;0.44922;0.45898;0.46875;0.47852;0.48828;0.49805;0.50781;0.51758;0.52734;0.53711;0.54688;0.55664;0.56641;0.57617;0.58594;0.5957;0.60547;0.61523;0.625;0.63477;0.64453;0.6543;0.66406;0.67383;0.68359;0.69336;0.70313;0.71289;0.72266;0.73242;0.74219;0.75195;0.76172;0.77148;0.78125;0.79102,0.0055132160000000005;0.005510144;0.003277824;0.004774911999999999;0.011124736000000001;0.011448320000000001;0.013956096000000001;0.034275328;0.082550784;0.161731584;0.11210854399999999;0.057852928;0.018753536;0.008003584;0.0046919679999999995;0.004230144;0.003351552;0.003373056;0.00180736;0.0018176000000000002;0.003417088;0.004655103999999999;0.003470336;0.00209408;0.001103872;0.0008509440000000001;0.0006184960000000001;0.000826368;0.000525312;0.000641024;0.0010127360000000002;0.0009523200000000001;0.0007280640000000001;0.0007219199999999999;0.000553984;0.0005888;0.0005376000000000001;0.000387072;0.00034304;0.000387072;0.000350208;0.00039731200000000003;0.00042496;0.00039731200000000003;0.000458752;0.000529408;0.0006789119999999999;0.0011151359999999999;0.001000448;0.000900096;0.001174528;0.0016087039999999999;0.0023388159999999996;0.0026286079999999997;0.003868672;0.004760576;0.00592896;0.009618432000000001;0.0071014400000000005;0.00808448;0.007025664;0.009703424;0.010604544;0.009371648000000002;0.006023168;0.006053888;0.007134208;0.004653056000000001;0.002757632;0.002832384;0.003248128;0.002945024;0.0022558720000000003;0.00246784;0.0021872639999999995;0.001572864;0.002123776;0.00210944;0.001941504
1791277200,hdr,0.0293;0.03906;0.04883;0.05859;0.06836;0.07813;0.08789;0.09766;0.10742;0.11719;0.12695;0.13672;0.14648;0.15625;0.16602;0.17578;0.18555;0.19531;0.20508;0.21484;0.22461;0.23438;0.24414;0.25391;0.26367;0.27344;0.2832;0.29297;0.30273;0.3125;0.32227;0.33203;0.3418;0.35156;0.36133;0.37109;0.38086;0.39063;0.40039;0.41016;0.41992;0.42969;0.43945;0.44922;0.45898;0.46875;0.47852;0.48828;0.49805;0.50781;0.51758;0.52734;0.53711;0.54688;0.55664;0.56641;0.57617;0.58594;0.5957;0.60547;0.61523;0.625;0.63477;0.64453;0.6543;0.66406;0.67383;0.68359;0.69336;0.70313;0.71289;0.72266;0.73242;0.74219;0.75195;0.76172;0.77148;0.78125;0.79102,0.00390656;0.00503808;0.004115456;0.0030464;0.0035952639999999995;0.00764416;0.013931520000000001;0.052799488;0.075030528;0.11419033599999999;0.08398540800000001;0.031662079999999995;0.010000384;0.003956736;0.0032204799999999995;0.0021196799999999997;0.001540096;0.0011970559999999997;0.0013352960000000001;0.00187904;0.001680384;0.002052096;0.001666048;0.0013148160000000001;0.0012400640000000001;0.00081408;0.0005232639999999998;0.000544768;0.000329728;0.00047104000000000004;0.000945152;0.0007188480000000001;0.000714752;0.0006778880000000001;0.00070656;0.0005304320000000001;0.000375808;0.00036454399999999996;0.00032768;0.000448512;0.0005888;0.00047718399999999996;0.000418816;0.000579584;0.0007372800000000001;0.0010291200000000001;0.001634304;0.0021893120000000005;0.003889152;0.004672512;0.005249024000000001;0.005984256;0.007909376000000001;0.009171967999999999;0.008253439999999999;0.008220672;0.006508544;0.010308608;0.008039424;0.0073062399999999994;0.005237759999999999;0.0037693439999999996;0.003554304;0.004146176;0.003581952;0.004041728;0.002921472;0.002951168;0.003890176;0.003816448;0.0028221440000000004;0.002618368;0.0021207039999999997;0.0023296;0.002589696;0.0022927360000000005;0.002157568;0.002080768;0.002131968
1791278100,hdr,0.0293;0.03906;0.04883;0.05859;0.06836;0.07813;0.08789;0.09766;0.10742;0.11719;0.12695;0.13672;0.14648;0.15625;0.16602;0.17578;0.18555;0.19531;0.20508;0.21484;0.22461;0.23438;0.24414;0.25391;0.26367;0.27344;0.2832;0.29297;0.30273;0.3125;0.32227;0.33203;0.3418;0.35156;0.36133;0.37109;0.38086;0.39063;0.40039;0.41016;0.41992;0.42969;0.43945;0.44922;0.45898;0.46875;0.47852;0.48828;0.49805;0.50781;0.51758;0.52734;0.53711;0.54688;0.55664;0.56641;0.57617;0.58594;0.5957;0.60547;0.61523;0.625;0.63477;0.64453;0.6543;0.66406;0.67383;0.68359;0.69336;0.70313;0.71289;0.72266;0.73242;0.74219;0.75195;0.76172;0.77148;0.78125;0.79102,0.0036823039999999995;0.00503808;0.004315136;0.00476672;0.00871936;0.008446975999999998;0.012164096000000001;0.059272191999999994;0.101349376;0.133504;0.099380224;0.047608832000000004;0.024448;0.005533696;0.001973248;0.001734656;0.002076672;0.002601984;0.0014192640000000002;0.001256448;0.001890304;0.00211456;0.002398208;0.00194048;0.0010598399999999998;0.000492544;0.00032870400000000003;0.000393216;0.00040960000000000004;0.00046284799999999997;0.000553984;0.000780288;0.000654336;0.000567296;0.00054272;0.000454656;0.000458752;0.000391168;0.000335872;0.00041676800000000003;0.00033792;0.000454656;0.000703488;0.000442368;0.000492544;0.000790528;0.0010608640000000001;0.002331648;0.003313664;0.002929664;0.005378048;0.0071014400000000005;0.006994944;0.0065791999999999995;0.00774144;0.00681984;0.007913472;0.007402496;0.008617984;0.008000512000000001;0.006448128;0.003856384;0.0028057599999999996;0.004128768;0.0029788160000000004;0.003412992;0.004468736;0.002924544;0.001736704;0.002486272;0.002221056;0.0028190719999999997;0.0020244480000000003;0.00183296;0.002044928;0.001591296;0.0014028799999999998;0.001273856;0.000949248
1791279000,hdr,0.0293;0.03906;0.04883;0.05859;0.06836;0.07813;0.08789;0.09766;0.10742;0.11719;0.12695;0.13672;0.14648;0.15625;0.16602;0.17578;0.18555;0.19531;0.20508;0.21484;0.22461;0.23438;0.24414;0.25391;0.26367;0.27344;0.2832;0.29297;0.30273;0.3125;0.32227;0.33203;0.3418;0.35156;0.36133;0.37109;0.38086;0.39063;0.40039;0.41016;0.41992;0.42969;0.43945;0.44922;0.45898;0.46875;0.47852;0.48828;0.49805;0.50781;0.51758;0.52734;0.53711;0.54688;0.55664;0.56641;0.57617;0.58594;0.5957;0.60547;0.61523;0.625;0.63477;0.64453;0.6543;0.66406;0.67383;0.68359;0.69336;0.70313;0.71289;0.72266;0.73242;0.74219;0.75195;0.76172;0.77148;0.78125;0.79102,0.006732800000000001;0.010502144;0.007155712000000001;0.0075898879999999995;0.008029184000000002;0.00626176;0.017114111999999997;0.0673792;0.15623065600000002;0.163321856;0.098910208;0.039416832;0.013169664;0.004747264;0.0019251199999999998;0.00188928;0.002609152;0.002131968;0.0018216959999999998;0.00257024;0.003002368;0.0025047039999999995;0.002069504;0.0015616000000000002;0.001158144;0.0008222720000000001;0.000553984;0.00047308800000000003;0.0004352;0.000596992;0.00048025600000000003;0.000644096;0.000779264;0.000490496;0.000461824;0.00040550399999999994;0.000229376;0.000269312;0.00034304;0.00044339199999999997;0.000644096;0.000772096;0.0007884799999999999;0.00052224;0.000538624;0.000388096;0.000872448;0.0013578239999999999;0.0011048960000000002;0.0020592640000000003;0.004321279999999999;0.00660992;0.006519808;0.0070195200000000004;0.008119296;0.005917696;0.00889856;0.008895488000000002;0.0074332159999999994;0.008269824;0.008290304;0.00556032;0.005226496;0.00551936;0.004296704;0.003027968;0.004045824;0.004152319999999999;0.0026296320000000002;0.002878464;0.003915776;0.0028487680000000002;0.002717696;0.00338432;0.002456576;0.001874944;0.0021504000000000002;0.001468416;0.001257472
1791279900,hdr,0.0293;0.03906;0.04883;0.05859;0.06836;0.07813;0.08789;0.09766;0.10742;0.11719;0.12695;0.13672;0.14648;0.15625;0.16602;0.17578;0.18555;0.19531;0.20508;0.21484;0.22461;0.23438;0.24414;0.25391;0.26367;0.27344;0.2832;0.29297;0.30273;0.3125;0.32227;0.33203;0.3418;0.35156;0.36133;0.37109;0.38086;0.39063;0.40039;0.41016;0.41992;0.42969;0.43945;0.44922;0.45898;0.46875;0.47852;0.48828;0.49805;0.50781;0.51758;0.52734;0.53711;0.54688;0.55664;0.56641;0.57617;0.58594;0.5957;0.60547;0.61523;0.625;0.63477;0.64453;0.6543;0.66406;0.67383;0.68359;0.69336;0.70313;0.71289;0.72266;0.73242;0.74219;0.75195;0.76172;0.77148;0.78125;0.79102,0.002036736;0.002306048;0.005163008;0.004920320000000001;0.003785728;0.0065064960000000005;0.016434175999999998;0.05947392;0.13376307199999998;0.18578432;0.185225216;0.05508096;0.009088;0.004760576;0.00247296;0.0018882559999999998;0.002282496;0.0024391680000000002;0.0023592960000000003;0.0019210240000000001;0.0022374400000000003;0.0017930239999999998;0.00136192;0.0014192640000000002;0.0008509440000000001;0.0005324799999999999;0.00037785600000000004;0.000282624;0.00030924800000000003;0.00028569600000000005;0.00045056;0.000475136;0.0005724160000000001;0.000786432;0.000633856;0.00040755200000000004;0.00044339199999999997;0.00036249599999999997;0.0003584;0.00029491200000000004;0.000264192;0.000485376;0.0007075839999999999;0.00077312;0.00054272;0.000628736;0.000626688;0.00047616000000000005;0.000802816;0.0010946560000000003;0.000982016;0.000953344;0.00154624;0.002914304;0.003710976;0.002982912;0.004675584;0.0060385280000000005;0.005239808;0.0053442559999999995;0.00636928;0.006353919999999999;0.003938304;0.006772736;0.0056453119999999996;0.003976192;0.00384512;0.00276992;0.003391488;0.002823168;0.002955264;0.002464768;0.003332096;0.0020951040000000004;0.001292288;0.001654784;0.00160256;0.00108544;0.00154624
1791280800,hdr,0.0293;0.03906;0.04883;0.05859;0.06836;0.07813;0.08789;0.09766;0.10742;0.11719;0.12695;0.13672;0.14648;0.15625;0.16602;0.17578;0.18555;0.19531;0.20508;0.21484;0.22461;0.23438;0.24414;0.25391;0.26367;0.27344;0.2832;0.29297;0.30273;0.3125;0.32227;0.33203;0.3418;0.35156;0.36133;0.37109;0.38086;0.39063;0.40039;0.41016;0.41992;0.42969;0.43945;0.44922;0.45898;0.46875;0.47852;0.48828;0.49805;0.50781;0.51758;0.52734;0.53711;0.54688;0.55664;0.56641;0.57617;0.58594;0.5957;0.60547;0.61523;0.625;0.63477;0.64453;0.6543;0.66406;0.67383;0.68359;0.69336;0.70313;0.71289;0.72266;0.73242;0.74219;0.75195;0.76172;0.77148;0.78125;0.79102,0.006531072;0.012367872;0.011149312;0.004402176;0.0084992;0.006880256;0.011949056000000001;0.035599360000000004;0.075437056;0.20736102399999998;0.189912064;0.0680192;0.014698496000000002;0.00406528;0.0020981759999999998;0.0015493120000000002;0.001840128;0.00176128;0.001281024;0.0015687680000000001;0.002056192;0.0027432959999999997;0.002040832;0.001441792;0.0011837439999999998;0.000786432;0.000406528;0.0005560319999999999;0.000603136;0.0006154239999999999;0.00047206399999999996;0.000485376;0.0005754880000000001;0.0007372800000000001;0.000760832;0.000551936;0.000379904;0.000345088;0.00020480000000000002;0.000346112;0.00030105599999999996;0.00030003200000000004;0.000376832;0.000434176;0.000447488;0.0005232639999999998;0.000411648;0.00047616000000000005;0.0005959680000000001;0.000730112;0.000871424;0.001082368;0.0018411519999999998;0.002855936;0.003255296;0.0032389119999999996;0.003641344;0.005872639999999999;0.006684671999999999;0.0037877759999999996;0.00556544;0.005261312;0.007354368;0.008145920000000001;0.005752831999999999;0.005440512;0.004611072;0.004749312;0.0035287039999999997;0.002328576;0.003488768;0.004278272;0.0028723200000000003;0.0021944319999999996;0.001831936;0.001736704;0.002117632;0.0020500479999999996;0.001119232
1791281700,hdr,0.0293;0.03906;0.04883;0.05859;0.06836;0.07813;0.08789;0.09766;0.10742;0.11719;0.12695;0.13672;0.14648;0.15625;0.16602;0.17578;0.18555;0.19531;0.20508;0.21484;0.22461;0.23438;0.24414;0.25391;0.26367;0.27344;0.2832;0.29297;0.30273;0.3125;0.32227;0.33203;0.3418;0.35156;0.36133;0.37109;0.38086;0.39063;0.40039;0.41016;0.41992;0.42969;0.43945;0.44922;0.45898;0.46875;0.47852;0.48828;0.49805;0.50781;0.51758;0.52734;0.53711;0.54688;0.55664;0.56641;0.57617;0.58594;0.5957;0.60547;0.61523;0.625;0.63477;0.64453;0.6543;0.66406;0.67383;0.68359;0.69336;0.70313;0.71289;0.72266;0.73242;0.74219;0.75195;0.76172;0.77148;0.78125;0.79102,0.009624576;0.018405376;0.014164992;0.00643072;0.00508928;0.012268544;0.0178688;0.06881689599999999;0.137404416;0.170580992;0.11372851199999999;0.022252544000000003;0.011449343999999998;0.005283839999999999;0.002612224;0.002117632;0.0012871680000000002;0.001936384;0.001232896;0.0009041920000000001;0.001835008;0.0019527680000000001;0.001496064;0.0013608960000000001;0.000799744;0.00041676800000000003;0.000485376;0.000451584;0.000415744;0.000452608;0.0006502400000000001;0.0007372800000000001;0.0008089600000000001;0.0005478400000000001;0.00041779199999999995;0.000269312;0.00039628799999999996;0.00041779199999999995;0.00044646400000000004;0.00048639999999999995;0.000356352;0.0004352;0.00042291200000000006;0.000429056;0.000468992;0.00039219200000000003;0.000376832;0.000654336;0.000758784;0.00043008000000000006;0.000303104;0.000790528;0.001833984;0.0026695679999999998;0.0021360640000000005;0.002543616;0.003933184;0.005620736;0.0073011199999999995;0.008252416;0.0064645119999999995;0.006739968;0.009147391999999999;0.00712704;0.00508416;0.003810304;0.003807232;0.004056064000000001;0.003581952;0.002833408;0.0021872639999999995;0.001519616;0.000930816;0.0017090559999999998;0.001328128;0.000744448;0.001058816;0.0013578239999999999;0.0014581759999999998
1791282600,hdr,0.0293;0.03906;0.04883;0.05859;0.06836;0.07813;0.08789;0.09766;0.10742;0.11719;0.12695;0.13672;0.14648;0.15625;0.16602;0.17578;0.18555;0.19531;0.20508;0.21484;0.22461;0.23438;0.24414;0.25391;0.26367;0.27344;0.2832;0.29297;0.30273;0.3125;0.32227;0.33203;0.3418;0.35156;0.36133;0.37109;0.38086;0.39063;0.40039;0.41016;0.41992;0.42969;0.43945;0.44922;0.45898;0.46875;0.47852;0.48828;0.49805;0.50781;0.51758;0.52734;0.53711;0.54688;0.55664;0.56641;0.57617;0.58594;0.5957;0.60547;0.61523;0.625;0.63477;0.64453;0.6543;0.66406;0.67383;0.68359;0.69336;0.70313;0.71289;0.72266;0.73242;0.74219;0.75195;0.76172;0.77148;0.78125;0.79102,0.00291328;0.017614848;0.01467904;0.004028416;0.007858176;0.01127936;0.023023616;0.038057983999999996;0.099110912;0.136088576;0.06929919999999999;0.023834624;0.00891392;0.003516416;0.0017479680000000001;0.0008110079999999999;0.001156096;0.001088512;0.0013946879999999998;0.0011919360000000002;0.001432576;0.001907712;0.0014827520000000002;0.0011509760000000002;0.00052736;0.000346112;0.000635904;0.000561152;0.0005632;0.000643072;0.000553984;0.00067584;0.000607232;0.000516096;0.0004956159999999999;0.0005304320000000001;0.00046080000000000003;0.00044339199999999997;0.000320512;0.00024780799999999997;0.00033382400000000003;0.00028671999999999997;0.00030617599999999996;0.000349184;0.000388096;0.000329728;0.000412672;0.000324608;0.00023552000000000002;0.000324608;0.00040960000000000004;0.000249856;0.00033894400000000004;0.000545792;0.0008345599999999999;0.001058816;0.001353728;0.0021524480000000004;0.0029429759999999995;0.002004992;0.00155648;0.0032460799999999997;0.004185088000000001;0.004975616;0.00522752;0.004252672;0.0033812479999999995;0.0037550080000000002;0.005037056;0.00370688;0.003268608;0.0038911999999999996;0.0033382399999999997;0.0013056;0.0017397760000000002;0.002066432;0.0017356799999999999;0.001432576;0.0015964160000000002
1791283500,hdr,0.0293;0.03906;0.04883;0.05859;0.06836;0.07813;0.08789;0.09766;0.10742;0.11719;0.12695;0.13672;0.14648;0.15625;0.16602;0.17578;0.18555;0.19531;0.20508;0.21484;0.22461;0.23438;0.24414;0.25391;0.26367;0.27344;0.2832;0.29297;0.30273;0.3125;0.32227;0.33203;0.3418;0.35156;0.36133;0.37109;0.38086;0.39063;0.40039;0.41016;0.41992;0.42969;0.43945;0.44922;0.45898;0.46875;0.47852;0.48828;0.49805;0.50781;0.51758;0.52734;0.53711;0.54688;0.55664;0.56641;0.57617;0.58594;0.5957;0.60547;0.61523;0.625;0.63477;0.64453;0.6543;0.66406;0.67383;0.68359;0.69336;0.70313;0.71289;0.72266;0.73242;0.74219;0.75195;0.76172;0.77148;0.78125;0.79102,0.001661952;0.004168704;0.007360512;0.004564992;0.003613696;0.006511616;0.013831168;0.07602176;0.149562368;0.16737280000000002;0.09683251199999998;0.040555520000000005;0.012727296;0.00339456;0.001695744;0.0018411519999999998;0.002020352;0.00165888;0.001021952;0.0013905920000000002;0.001803264;0.00159232;0.001102848;0.000720896;0.000605184;0.0006737919999999999;0.000456704;0.000393216;0.000504832;0.000628736;0.000703488;0.000551936;0.000606208;0.000801792;0.000494592;0.000429056;0.00034816000000000003;0.00037888;0.00045056;0.000283648;0.00022323200000000002;0.00018944;0.000258048;0.00029696;0.00030208000000000004;0.000350208;0.000227328;0.000352256;0.000308224;0.00027136;0.000376832;0.000371712;0.00043008000000000006;0.00035328;0.000263168;0.000218112;0.000515072;0.000432128;0.00025497599999999997;0.000626688;0.00064512;0.000526336;0.000917504;0.00104448;0.001253376;0.001557504;0.0011120639999999998;0.001084416;0.001711104;0.0022978559999999996;0.00270336;0.002328576;0.0031477759999999997;0.0029593600000000003;0.002888704;0.00271872;0.002792448;0.0015953919999999997;0.001381376
1791284400,hdr,0.0293;0.03906;0.04883;0.05859;0.06836;0.07813;0.08789;0.09766;0.10742;0.11719;0.12695;0.13672;0.14648;0.15625;0.16602;0.17578;0.18555;0.19531;0.20508;0.21484;0.22461;0.23438;0.24414;0.25391;0.26367;0.27344;0.2832;0.29297;0.30273;0.3125;0.32227;0.33203;0.3418;0.35156;0.36133;0.37109;0.38086;0.39063;0.40039;0.41016;0.41992;0.42969;0.43945;0.44922;0.45898;0.46875;0.47852;0.48828;0.49805;0.50781;0.51758;0.52734;0.53711;0.54688;0.55664;0.56641;0.57617;0.58594;0.5957;0.60547;0.61523;0.625;0.63477;0.64453;0.6543;0.66406;0.67383;0.68359;0.69336;0.70313;0.71289;0.72266;0.73242;0.74219;0.75195;0.76172;0.77148;0.78125;0.79102,0.002489344;0.0051619840000000005;0.004884479999999999;0.00169472;0.0025456639999999996;0.005568511999999999;0.013505536;0.063332352;0.10353254399999999;0.11068211200000001;0.087117824;0.03731456;0.0079104;0.0027904;0.00241152;0.0022814719999999997;0.001645568;0.001015808;0.001344512;0.002008064;0.001736704;0.0012083200000000001;0.001021952;0.000672768;0.0006604799999999999;0.0007168;0.0005857280000000001;0.000637952;0.0005734399999999999;0.000837632;0.000758784;0.000557056;0.0005898240000000001;0.000528384;0.000454656;0.000457728;0.000360448;0.000308224;0.000244736;0.000331776;0.000331776;0.000347136;0.000447488;0.00040243200000000004;0.00039219200000000003;0.000283648;0.000323584;0.000242688;0.00034304;0.000315392;0.000321536;0.000288768;0.000335872;0.00046796800000000003;0.00039628799999999996;0.00025497599999999997;0.000357376;0.000401408;0.000316416;0.00034201599999999995;0.00029696;0.00033792;0.00054272;0.000643072;0.00082432;0.000809984;0.000986112;0.0017336320000000001;0.0015697920000000002;0.0017479680000000001;0.003069952;0.002618368;0.002573312;0.0024381439999999997;0.0022947840000000002;0.003487744;0.0043929600000000004;0.0030986240000000003;0.001647616
1791285300,hdr,0.0293;0.03906;0.04883;0.05859;0.06836;0.07813;0.08789;0.09766;0.10742;0.11719;0.12695;0.13672;0.14648;0.15625;0.16602;0.17578;0.18555;0.19531;0.20508;0.21484;0.22461;0.23438;0.24414;0.25391;0.26367;0.27344;0.2832;0.29297;0.30273;0.3125;0.32227;0.33203;0.3418;0.35156;0.36133;0.37109;0.38086;0.39063;0.40039;0.41016;0.41992;0.42969;0.43945;0.44922;0.45898;0.46875;0.47852;0.48828;0.49805;0.50781;0.51758;0.52734;0.53711;0.54688;0.55664;0.56641;0.57617;0.58594;0.5957;0.60547;0.61523;0.625;0.63477;0.64453;0.6543;0.66406;0.67383;0.68359;0.69336;0.70313;0.71289;0.72266;0.73242;0.74219;0.75195;0.76172;0.77148;0.78125;0.79102,0.004523008;0.009577472;0.003550208;0.001779712;0.006721536;0.007437312000000001;0.011311103999999999;0.034597888;0.06305792;0.079952896;0.07166259200000001;0.04430950399999999;0.01237504;0.003070976;0.002064384;0.0008929280000000001;0.001273856;0.001132544;0.001281024;0.001575936;0.00178688;0.002112512;0.00229888;0.000761856;0.000690176;0.000672768;0.0005089280000000001;0.00048742400000000003;0.000456704;0.00047308800000000003;0.00046080000000000003;0.00042496;0.000744448;0.000653312;0.000533504;0.00039936;0.00021299199999999998;0.00027648;0.000398336;0.00029593599999999995;0.00019456;0.00021913599999999998;0.00035328;0.000520192;0.000253952;0.000485376;0.00029491200000000004;0.000256;0.00028569600000000005;0.00041984;0.00043724800000000005;0.000275456;0.000448512;0.000350208;0.00040960000000000004;0.000594944;0.000800768;0.000579584;0.0008212479999999999;0.00131072;0.001312768;0.000996352;0.001431552;0.001605632;0.002372608;0.002931712;0.005142528;0.004571136000000001;0.0036382720000000006;0.00246784;0.003661824;0.0034416639999999997;0.002993152;0.003917824;0.0029378560000000004;0.001790976;0.002879488;0.0035450879999999996;0.002579456
1791286200,hdr,0.0293;0.03906;0.04883;0.05859;0.06836;0.07813;0.08789;0.09766;0.10742;0.11719;0.12695;0.13672;0.14648;0.15625;0.16602;0.17578;0.18555;0.19531;0.20508;0.21484;0.22461;0.23438;0.24414;0.25391;0.26367;0.27344;0.2832;0.29297;0.30273;0.3125;0.32227;0.33203;0.3418;0.35156;0.36133;0.37109;0.38086;0.39063;0.40039;0.41016;0.41992;0.42969;0.43945;0.44922;0.45898;0.46875;0.47852;0.48828;0.49805;0.50781;0.51758;0.52734;0.53711;0.54688;0.55664;0.56641;0.57617;0.58594;0.5957;0.60547;0.61523;0.625;0.63477;0.64453;0.6543;0.66406;0.67383;0.68359;0.69336;0.70313;0.71289;0.72266;0.73242;0.74219;0.75195;0.76172;0.77148;0.78125;0.79102,0.00231936;0.00321536;0.003208192;0.004805632000000001;0.00554496;0.006510592;0.012466176;0.05540761599999999;0.093739008;0.12516454400000002;0.085388288;0.036562944;0.012716032;0.003654656;0.0019824639999999998;0.001779712;0.001467392;0.0009482239999999999;0.0009738240000000001;0.0012912639999999999;0.001559552;0.001371136;0.00128;0.001184768;0.000730112;0.000468992;0.000513024;0.0005847039999999999;0.000489472;0.00041984;0.000567296;0.000771072;0.00044032;0.0005601279999999999;0.000441344;0.000268288;0.00029900799999999997;0.00024576000000000003;0.00022323200000000002;0.00027340799999999994;0.00030412799999999997;0.00035532799999999997;0.000466944;0.000384;0.000349184;0.00035328;0.00036147200000000005;0.00036352;0.00028774400000000004;0.000310272;0.000459776;0.000659456;0.0005877759999999999;0.000745472;0.0008386559999999999;0.0014028799999999998;0.0014817279999999999;0.0018278399999999998;0.00241152;0.003745792;0.006105088000000001;0.007163904;0.007755776;0.008671232;0.009005056;0.006319104;0.0053063680000000005;0.005637120000000001;0.005296128000000001;0.003902464;0.0025651199999999997;0.001661952;0.0014376960000000002;0.0021299199999999996;0.003943424;0.002757632;0.0013987840000000001;0.0017039359999999999;0.001932288
1791287100,hdr,0.0293;0.03906;0.04883;0.05859;0.06836;0.07813;0.08789;0.09766;0.10742;0.11719;0.12695;0.13672;0.14648;0.15625;0.16602;0.17578;0.18555;0.19531;0.20508;0.21484;0.22461;0.23438;0.24414;0.25391;0.26367;0.27344;0.2832;0.29297;0.30273;0.3125;0.32227;0.33203;0.3418;0.35156;0.36133;0.37109;0.38086;0.39063;0.40039;0.41016;0.41992;0.42969;0.43945;0.44922;0.45898;0.46875;0.47852;0.48828;0.49805;0.50781;0.51758;0.52734;0.53711;0.54688;0.55664;0.56641;0.57617;0.58594;0.5957;0.60547;0.61523;0.625;0.63477;0.64453;0.6543;0.66406;0.67383;0.68359;0.69336;0.70313;0.71289;0.72266;0.73242;0.74219;0.75195;0.76172;0.77148;0.78125;0.79102,0.005398528;0.012915712;0.0066959359999999996;0.0046192640000000005;0.006383616;0.004927488000000001;0.018306048;0.02909184;0.09190912;0.126327808;0.08101990399999999;0.021839872;0.0076318720000000005;0.00384;0.0012359679999999998;0.000922624;0.001088512;0.00134144;0.0011919360000000002;0.001225728;0.001632256;0.001381376;0.0012646399999999998;0.000827392;0.00046489599999999996;0.0004884479999999999;0.000594944;0.0006952960000000001;0.000444416;0.000539648;0.000621568;0.0005959680000000001;0.0005744639999999999;0.00039936;0.000441344;0.0004956159999999999;0.00042496;0.000400384;0.000325632;0.00029388799999999996;0.00020480000000000002;0.00027648;0.000516096;0.000623616;0.00033689599999999994;0.000423936;0.000551936;0.000770048;0.0009912319999999999;0.00115712;0.001352704;0.0015964160000000002;0.002197504;0.0040704;0.004569088;0.0042434560000000005;0.006460416;0.008131583999999999;0.010850304;0.010271744000000001;0.008316928;0.008424448000000001;0.010233856;0.007626752;0.005006336;0.0052992;0.005363712;0.005189632;0.005525504;0.0047636480000000005;0.004281344;0.002961408;0.0023889920000000004;0.002233344;0.0014929920000000003;0.0018196479999999999;0.0017530879999999999;0.001588224;0.001000448
1791288000,hdr,0.0293;0.03906;0.04883;0.05859;0.06836;0.07813;0.08789;0.09766;0.10742;0.11719;0.12695;0.13672;0.14648;0.15625;0.16602;0.17578;0.18555;0.19531;0.20508;0.21484;0.22461;0.23438;0.24414;0.25391;0.26367;0.27344;0.2832;0.29297;0.30273;0.3125;0.32227;0.33203;0.3418;0.35156;0.36133;0.37109;0.38086;0.39063;0.40039;0.41016;0.41992;0.42969;0.43945;0.44922;0.45898;0.46875;0.47852;0.48828;0.49805;0.50781;0.51758;0.52734;0.53711;0.54688;0.55664;0.56641;0.57617;0.58594;0.5957;0.60547;0.61523;0.625;0.63477;0.64453;0.6543;0.66406;0.67383;0.68359;0.69336;0.70313;0.71289;0.72266;0.73242;0.74219;0.75195;0.76172;0.77148;0.78125;0.79102,0.0022015999999999997;0.0019886079999999998;0.009178112;0.006397952;0.008731648;0.010553344;0.017498111999999996;0.052605952000000004;0.081236992;0.099456;0.07588659199999999;0.031561728;0.00915968;0.004996095999999999;0.0032839680000000004;0.001563648;0.0017305600000000001;0.0013219840000000002;0.000531456;0.001089536;0.0014151679999999999;0.000731136;0.001052672;0.0010649599999999998;0.0005703679999999999;0.000429056;0.00064;0.000463872;0.0005642239999999999;0.000538624;0.000654336;0.000535552;0.000603136;0.000504832;0.00046080000000000003;0.000379904;0.00043724800000000005;0.00036966399999999996;0.000248832;0.000186368;0.0003072;0.000510976;0.000652288;0.000510976;0.000700416;0.0011919360000000002;0.001102848;0.0012462080000000002;0.001847296;0.001887232;0.003265536;0.005690368;0.005978112;0.008569855999999999;0.013148159999999999;0.013810688;0.012621824;0.008034304;0.008398848;0.01370624;0.008937472;0.007955456;0.008699904;0.0075724799999999995;0.004258816;0.004624384;0.0035061759999999997;0.004651008;0.005187583999999999;0.004199424;0.0037724160000000002;0.001672192;0.001002496;0.00149504;0.00221696;0.0024872960000000004;0.002419712;0.0012748800000000002;0.0011407359999999998
1791288900,hdr,0.0293;0.03906;0.04883;0.05859;0.06836;0.07813;0.08789;0.09766;0.10742;0.11719;0.12695;0.13672;0.14648;0.15625;0.16602;0.17578;0.18555;0.19531;0.20508;0.21484;0.22461;0.23438;0.24414;0.25391;0.26367;0.27344;0.2832;0.29297;0.30273;0.3125;0.32227;0.33203;0.3418;0.35156;0.36133;0.37109;0.38086;0.39063;0.40039;0.41016;0.41992;0.42969;0.43945;0.44922;0.45898;0.46875;0.47852;0.48828;0.49805;0.50781;0.51758;0.52734;0.53711;0.54688;0.55664;0.56641;0.57617;0.58594;0.5957;0.60547;0.61523;0.625;0.63477;0.64453;0.6543;0.66406;0.67383;0.68359;0.69336;0.70313;0.71289;0.72266;0.73242;0.74219;0.75195;0.76172;0.77148;0.78125;0.79102,0.006257664;0.009726976;0.00958464;0.006662143999999999;0.010914816;0.004160512;0.013457407999999999;0.05410304;0.089055232;0.09812275200000001;0.052001792;0.025035776;0.008461312;0.0017684480000000002;0.001250304;0.001483776;0.001672192;0.0016066560000000001;0.0011366400000000002;0.001276928;0.0009256959999999999;0.000620544;0.000828416;0.0007393279999999999;0.000382976;0.000726016;0.0007249919999999999;0.000577536;0.00044032;0.000674816;0.0006092800000000001;0.0008151040000000001;0.0007014399999999999;0.000454656;0.00037478399999999997;0.00035942400000000006;0.000454656;0.0005703679999999999;0.00048025600000000003;0.000415744;0.00052224;0.000653312;0.000536576;0.000831488;0.000908288;0.001512448;0.00204288;0.002893824;0.004885504;0.0063621120000000005;0.00516096;0.005860352;0.005876736;0.008666111999999998;0.014939136;0.014321664000000001;0.009878528;0.009875456;0.01182208;0.008976384;0.005472255999999999;0.005278720000000001;0.007844864;0.0066488319999999995;0.0038840320000000004;0.0046295039999999996;0.003753984;0.0043806719999999995;0.00478208;0.004458496;0.004339712;0.004221952;0.002306048;0.0018595839999999998;0.0020592640000000003;0.002902016;0.00281088;0.0022640639999999997;0.001384448
1791289800,hdr,0.0293;0.03906;0.04883;0.05859;0.06836;0.07813;0.08789;0.09766;0.10742;0.11719;0.12695;0.13672;0.14648;0.15625;0.16602;0.17578;0.18555;0.19531;0.20508;0.21484;0.22461;0.23438;0.24414;0.25391;0.26367;0.27344;0.2832;0.29297;0.30273;0.3125;0.32227;0.33203;0.3418;0.35156;0.36133;0.37109;0.38086;0.39063;0.40039;0.41016;0.41992;0.42969;0.43945;0.44922;0.45898;0.46875;0.47852;0.48828;0.49805;0.50781;0.51758;0.52734;0.53711;0.54688;0.55664;0.56641;0.57617;0.58594;0.5957;0.60547;0.61523;0.625;0.63477;0.64453;0.6543;0.66406;0.67383;0.68359;0.69336;0.70313;0.71289;0.72266;0.73242;0.74219;0.75195;0.76172;0.77148;0.78125;0.79102,0.002056192;0.002871296;0.005467136;0.007692287999999999;0.00381952;0.006436864;0.00792064;0.036523007999999996;0.075867136;0.10124083199999999;0.053394432;0.026440704000000002;0.009053183999999999;0.005066752000000001;0.0028385280000000003;0.001902592;0.001312768;0.001359872;0.0019128320000000002;0.002465792;0.001790976;0.0017889280000000002;0.001098752;0.0007290879999999999;0.0005877759999999999;0.00048025600000000003;0.000351232;0.0003584;0.00047820800000000004;0.0008202239999999999;0.0009615359999999999;0.000679936;0.00046796800000000003;0.00028569600000000005;0.000272384;0.000413696;0.000628736;0.000518144;0.000653312;0.000745472;0.00061952;0.0006144;0.001248256;0.001632256;0.0010465279999999997;0.0012369920000000001;0.002553856;0.002413568;0.003352576;0.003662848;0.00499712;0.0071464960000000004;0.008753152;0.00941056;0.014854144;0.015599616;0.012278784;0.011273216;0.011209728;0.011229184;0.006647808;0.00723968;0.007790592000000001;0.005933056;0.007660544;0.0071116799999999996;0.006218752;0.006467584000000001;0.0046940160000000005;0.003301376;0.0027351040000000004;0.002691072;0.00334336;0.0041144319999999995;0.0026644480000000003;0.00239616;0.0021893120000000005;0.002031616;0.001915904
1791290700,hdr,0.0293;0.03906;0.04883;0.05859;0.06836;0.07813;0.08789;0.09766;0.10742;0.11719;0.12695;0.13672;0.14648;0.15625;0.16602;0.17578;0.18555;0.19531;0.20508;0.21484;0.22461;0.23438;0.24414;0.25391;0.26367;0.27344;0.2832;0.29297;0.30273;0.3125;0.32227;0.33203;0.3418;0.35156;0.36133;0.37109;0.38086;0.39063;0.40039;0.41016;0.41992;0.42969;0.43945;0.44922;0.45898;0.46875;0.47852;0.48828;0.49805;0.50781;0.51758;0.52734;0.53711;0.54688;0.55664;0.56641;0.57617;0.58594;0.5957;0.60547;0.61523;0.625;0.63477;0.64453;0.6543;0.66406;0.67383;0.68359;0.69336;0.70313;0.71289;0.72266;0.73242;0.74219;0.75195;0.76172;0.77148;0.78125;0.79102,0.008415232;0.008046592;0.003228672;0.0045475839999999995;0.009327616;0.012623872000000001;0.010998784;0.037209088;0.057966592;0.060250112;0.037844992;0.012448768;0.007957504;0.005552128;0.001799168;0.0012165119999999999;0.001108992;0.001258496;0.0013475839999999998;0.001509376;0.001353728;0.00171008;0.0014346239999999998;0.0008110079999999999;0.0008325120000000001;0.000770048;0.000412672;0.00034816000000000003;0.000565248;0.0009297919999999999;0.00077824;0.0007495679999999999;0.00068608;0.000528384;0.000393216;0.00029286400000000005;0.000288768;0.00040345599999999995;0.000493568;0.0006502400000000001;0.000871424;0.000700416;0.000633856;0.00139776;0.0026900479999999996;0.0031569919999999995;0.0036577280000000003;0.004339712;0.007998464;0.012776448000000001;0.01214976;0.014907392;0.014091264000000001;0.019984383999999997;0.024380416000000002;0.015774720000000002;0.009315328;0.010513408;0.0071167999999999995;0.007824384;0.006734848;0.009486336;0.0061286399999999994;0.00463872;0.004724736;0.004984832000000001;0.006714368;0.006254592;0.003777536;0.0034611200000000003;0.0027842559999999997;0.0024309759999999996;0.002633728;0.0029429759999999995;0.002067456;0.001650688;0.0011356159999999999;0.001089536;0.0014458880000000002
1791291600,hdr,0.0293;0.03906;0.04883;0.05859;0.06836;0.07813;0.08789;0.09766;0.10742;0.11719;0.12695;0.13672;0.14648;0.15625;0.16602;0.17578;0.18555;0.19531;0.20508;0.21484;0.22461;0.23438;0.24414;0.25391;0.26367;0.27344;0.2832;0.29297;0.30273;0.3125;0.32227;0.33203;0.3418;0.35156;0.36133;0.37109;0.38086;0.39063;0.40039;0.41016;0.41992;0.42969;0.43945;0.44922;0.45898;0.46875;0.47852;0.48828;0.49805;0.50781;0.51758;0.52734;0.53711;0.54688;0.55664;0.56641;0.57617;0.58594;0.5957;0.60547;0.61523;0.625;0.63477;0.64453;0.6543;0.66406;0.67383;0.68359;0.69336;0.70313;0.71289;0.72266;0.73242;0.74219;0.75195;0.76172;0.77148;0.78125;0.79102,0.0037724160000000002;0.0029184000000000002;0.005984256;0.003431424;0.006041599999999999;0.011276287999999999;0.01247232;0.0264704;0.041374720000000004;0.064012288;0.056270848;0.02257408;0.009228288;0.00320512;0.002675712;0.001512448;0.0015544320000000001;0.001584128;0.002158592;0.002013184;0.00170496;0.00121344;0.000714752;0.001040384;0.0009349119999999999;0.000863232;0.00090624;0.000566272;0.000453632;0.000648192;0.0005754880000000001;0.00048025600000000003;0.00046489599999999996;0.00033484799999999995;0.000242688;0.00030003200000000004;0.000557056;0.000510976;0.000401408;0.000493568;0.000617472;0.000828416;0.0009041920000000001;0.0015472639999999998;0.0017152;0.0021780479999999997;0.00581632;0.006736896;0.005211136;0.010075136;0.018367488;0.019877888;0.018189312000000003;0.014522368;0.013658112;0.011523072;0.015661056;0.016672768;0.015237120000000002;0.012978176;0.006437888;0.007683072;0.008285184;0.0048660479999999996;0.004527104;0.0069324799999999995;0.005249024000000001;0.005216255999999999;0.0032358400000000002;0.0024330239999999998;0.0025292799999999996;0.002460672;0.0022353919999999997;0.002040832;0.0018687999999999999;0.001416192;0.001636352;0.002613248;0.0022302719999999997
1791292500,hdr,0.0293;0.03906;0.04883;0.05859;0.06836;0.07813;0.08789;0.09766;0.10742;0.11719;0.12695;0.13672;0.14648;0.15625;0.16602;0.17578;0.18555;0.19531;0.20508;0.21484;0.22461;0.23438;0.24414;0.25391;0.26367;0.27344;0.2832;0.29297;0.30273;0.3125;0.32227;0.33203;0.3418;0.35156;0.36133;0.37109;0.38086;0.39063;0.40039;0.41016;0.41992;0.42969;0.43945;0.44922;0.45898;0.46875;0.47852;0.48828;0.49805;0.50781;0.51758;0.52734;0.53711;0.54688;0.55664;0.56641;0.57617;0.58594;0.5957;0.60547;0.61523;0.625;0.63477;0.64453;0.6543;0.66406;0.67383;0.68359;0.69336;0.70313;0.71289;0.72266;0.73242;0.74219;0.75195;0.76172;0.77148;0.78125;0.79102,0.001383424;0.0028897280000000003;0.005924864;0.005829632;0.000736256;0.004209664;0.0029122560000000002;0.023015424;0.066910208;0.078145536;0.0479744;0.018128896000000002;0.0038430719999999995;0.002117632;0.001238016;0.0012605440000000002;0.0014847999999999999;0.0014991359999999999;0.000986112;0.0010291200000000001;0.0009144320000000001;0.00110592;0.001021952;0.00067072;0.000601088;0.000452608;0.00044339199999999997;0.0007137280000000001;0.0006123519999999999;0.00050176;0.00042496;0.00039936;0.00046796800000000003;0.000274432;0.00014643200000000002;0.000252928;0.00034201599999999995;0.000365568;0.00045056;0.000635904;0.000533504;0.00046489599999999996;0.0009041920000000001;0.001384448;0.0018012159999999998;0.001729536;0.002823168;0.003154944;0.004045824;0.005092352;0.005026816;0.007420928;0.012155904;0.01519104;0.012705792;0.019868671999999997;0.02138112;0.014587904;0.010514431999999999;0.007171072;0.007921664;0.00645632;0.004889599999999999;0.006319104;0.005128192;0.002691072;0.0036352000000000003;0.004500479999999999;0.0036167680000000002;0.0035368960000000003;0.0034365439999999997;0.004083712000000001;0.0047841279999999995;0.002660352;0.0023408640000000002;0.002874368;0.002082816;0.002226176;0.001826816
1791293400,hdr,0.0293;0.03906;0.04883;0.05859;0.06836;0.07813;0.08789;0.09766;0.10742;0.11719;0.12695;0.13672;0.14648;0.15625;0.16602;0.17578;0.18555;0.19531;0.20508;0.21484;0.22461;0.23438;0.24414;0.25391;0.26367;0.27344;0.2832;0.29297;0.30273;0.3125;0.32227;0.33203;0.3418;0.35156;0.36133;0.37109;0.38086;0.39063;0.40039;0.41016;0.41992;0.42969;0.43945;0.44922;0.45898;0.46875;0.47852;0.48828;0.49805;0.50781;0.51758;0.52734;0.53711;0.54688;0.55664;0.56641;0.57617;0.58594;0.5957;0.60547;0.61523;0.625;0.63477;0.64453;0.6543;0.66406;0.67383;0.68359;0.69336;0.70313;0.71289;0.72266;0.73242;0.74219;0.75195;0.76172;0.77148;0.78125;0.79102,0.00309248;0.004649983999999999;0.007027712;0.006534144;0.008453120000000001;0.00715264;0.005583872;0.026640384000000003;0.071702528;0.060651519999999993;0.046205952;0.023276544000000003;0.008155136;0.005066752000000001;0.002546688;0.0014243840000000001;0.001184768;0.001371136;0.0027586560000000004;0.0028764159999999997;0.00131584;0.0006502400000000001;0.000776192;0.00077312;0.00047411199999999995;0.000569344;0.000375808;0.00029491200000000004;0.000617472;0.000917504;0.00107008;0.000837632;0.000482304;0.000412672;0.000351232;0.00029286400000000005;0.000390144;0.00036352;0.00042803200000000007;0.00047718399999999996;0.00045568;0.000557056;0.00061952;0.000813056;0.001293312;0.001759232;0.0021524480000000004;0.001847296;0.00221696;0.003692544;0.0040294400000000005;0.005853183999999999;0.012832768;0.016208896;0.01278464;0.010678271999999999;0.01100288;0.013210623999999999;0.017639424000000004;0.012752896000000001;0.011890688;0.00802816;0.006779904000000001;0.009505791999999999;0.0046192640000000005;0.0033740800000000002;0.004736;0.004278272;0.00282112;0.002953216;0.004315136;0.00347648;0.001856512;0.0019251199999999998;0.001103872;0.0005683200000000001;0.0011284479999999998;0.001683456;0.0017326079999999998
1791294300,hdr,0.0293;0.03906;0.04883;0.05859;0.06836;0.07813;0.08789;0.09766;0.10742;0.11719;0.12695;0.13672;0.14648;0.15625;0.16602;0.17578;0.18555;0.19531;0.20508;0.21484;0.22461;0.23438;0.24414;0.25391;0.26367;0.27344;0.2832;0.29297;0.30273;0.3125;0.32227;0.33203;0.3418;0.35156;0.36133;0.37109;0.38086;0.39063;0.40039;0.41016;0.41992;0.42969;0.43945;0.44922;0.45898;0.46875;0.47852;0.48828;0.49805;0.50781;0.51758;0.52734;0.53711;0.54688;0.55664;0.56641;0.57617;0.58594;0.5957;0.60547;0.61523;0.625;0.63477;0.64453;0.6543;0.66406;0.67383;0.68359;0.69336;0.70313;0.71289;0.72266;0.73242;0.74219;0.75195;0.76172;0.77148;0.78125;0.79102,0.007157759999999999;0.009614336;0.006532096;0.006443008;0.01010176;0.008980479999999999;0.0051968;0.010693632;0.04980326399999999;0.076422144;0.044640256;0.02343424;0.007351295999999999;0.0034979840000000004;0.0038461439999999997;0.00204288;0.001247232;0.000984064;0.0009420800000000001;0.001127424;0.0011601919999999998;0.000730112;0.000990208;0.00067072;0.000750592;0.0006696959999999999;0.000637952;0.0005724160000000001;0.0005877759999999999;0.000529408;0.000518144;0.00047718399999999996;0.000519168;0.000319488;0.00023859199999999998;0.00028671999999999997;0.00019456;0.000237568;0.00039219200000000003;0.00040960000000000004;0.00046284799999999997;0.000439296;0.000448512;0.000385024;0.0004352;0.00048025600000000003;0.0006963200000000001;0.0010373119999999999;0.001358848;0.0015851519999999998;0.0018800639999999999;0.003252224;0.004374527999999999;0.006921216;0.007135232;0.0051456;0.008112128000000001;0.010840064;0.008620032;0.007861248;0.006651904;0.010937344;0.013633536;0.007940095999999999;0.008645632000000002;0.00888832;0.005849088;0.0041809920000000006;0.005283839999999999;0.004736;0.00269824;0.002379776;0.002811904;0.00300544;0.003400704;0.002386944;0.002840576;0.002159616;0.0013864959999999999
1791295200,hdr,0.0293;0.03906;0.04883;0.05859;0.06836;0.07813;0.08789;0.09766;0.10742;0.11719;0.12695;0.13672;0.14648;0.15625;0.16602;0.17578;0.18555;0.19531;0.20508;0.21484;0.22461;0.23438;0.24414;0.25391;0.26367;0.27344;0.2832;0.29297;0.30273;0.3125;0.32227;0.33203;0.3418;0.35156;0.36133;0.37109;0.38086;0.39063;0.40039;0.41016;0.41992;0.42969;0.43945;0.44922;0.45898;0.46875;0.47852;0.48828;0.49805;0.50781;0.51758;0.52734;0.53711;0.54688;0.55664;0.56641;0.57617;0.58594;0.5957;0.60547;0.61523;0.625;0.63477;0.64453;0.6543;0.66406;0.67383;0.68359;0.69336;0.70313;0.71289;0.72266;0.73242;0.74219;0.75195;0.76172;0.77148;0.78125;0.79102,0.005352448;0.012038144;0.007380992;0.0048261120000000005;0.006201344;0.00855552;0.011449343999999998;0.02733568;0.06795264;0.054786048000000004;0.029059072000000002;0.012013567999999999;0.005266432;0.001983488;0.0016711679999999998;0.00285184;0.001654784;0.001145856;0.001503232;0.00122368;0.00126976;0.001159168;0.0011960319999999999;0.000690176;0.000758784;0.000630784;0.00039219200000000003;0.000492544;0.00048742400000000003;0.000466944;0.000492544;0.00046080000000000003;0.000283648;0.000310272;0.00034304;0.00034201599999999995;0.000323584;0.000216064;0.00030617599999999996;0.00035328;0.000258048;0.00020889599999999997;0.0003584;0.00048639999999999995;0.00036966399999999996;0.000421888;0.00047718399999999996;0.0007229440000000001;0.0008560640000000001;0.000840704;0.00131584;0.0014192640000000002;0.0019210240000000001;0.001757184;0.001509376;0.0022978559999999996;0.002599936;0.004378624000000001;0.005462016000000001;0.006309888;0.006148096;0.005424127999999999;0.005696512000000001;0.007531520000000001;0.0070246399999999995;0.008221696;0.008134656;0.008687616;0.005849088;0.0027842559999999997;0.002771968;0.002825216;0.003166208;0.0035235839999999997;0.0034908160000000003;0.002888704;0.0020162559999999997;0.001964032;0.001106944
1791296100,hdr,0.0293;0.03906;0.04883;0.05859;0.06836;0.07813;0.08789;0.09766;0.10742;0.11719;0.12695;0.13672;0.14648;0.15625;0.16602;0.17578;0.18555;0.19531;0.20508;0.21484;0.22461;0.23438;0.24414;0.25391;0.26367;0.27344;0.2832;0.29297;0.30273;0.3125;0.32227;0.33203;0.3418;0.35156;0.36133;0.37109;0.38086;0.39063;0.40039;0.41016;0.41992;0.42969;0.43945;0.44922;0.45898;0.46875;0.47852;0.48828;0.49805;0.50781;0.51758;0.52734;0.53711;0.54688;0.55664;0.56641;0.57617;0.58594;0.5957;0.60547;0.61523;0.625;0.63477;0.64453;0.6543;0.66406;0.67383;0.68359;0.69336;0.70313;0.71289;0.72266;0.73242;0.74219;0.75195;0.76172;0.77148;0.78125;0.79102,0.00559104;0.014204928;0.016325632;0.010290176000000002;0.012708864;0.007055360000000001;0.004772864000000001;0.03132928;0.079244288;0.057777152000000005;0.020798464;0.011210752;0.009853952;0.005543936;0.0032819200000000002;0.0031354879999999996;0.002761728;0.002432;0.001618944;0.001508352;0.0016138239999999998;0.001559552;0.0011427840000000002;0.0012646399999999998;0.000923648;0.0008202239999999999;0.000980992;0.000743424;0.0007249919999999999;0.000531456;0.000434176;0.00039423999999999997;0.000395264;0.000421888;0.000510976;0.0005468159999999999;0.000551936;0.000499712;0.000400384;0.000164864;0.000263168;0.000439296;0.00046080000000000003;0.000494592;0.0005703679999999999;0.000375808;0.00029081600000000006;0.000717824;0.0008212479999999999;0.0014499839999999999;0.0008447999999999999;0.0019169279999999998;0.0036270079999999997;0.003489792;0.003120128;0.004205568;0.0068751360000000004;0.006612992;0.007298048;0.006317056;0.011013120000000001;0.00804352;0.006065152;0.007554048;0.006263808;0.00776192;0.00659456;0.00763904;0.006413312;0.0044605439999999994;0.004588544;0.004178944;0.00406016;0.002874368;0.002699264;0.002587648;0.003421184;0.0029429759999999995;0.0027023359999999996
1791297000,hdr,0.0293;0.03906;0.04883;0.05859;0.06836;0.07813;0.08789;0.09766;0.10742;0.11719;0.12695;0.13672;0.14648;0.15625;0.16602;0.17578;0.18555;0.19531;0.20508;0.21484;0.22461;0.23438;0.24414;0.25391;0.26367;0.27344;0.2832;0.29297;0.30273;0.3125;0.32227;0.33203;0.3418;0.35156;0.36133;0.37109;0.38086;0.39063;0.40039;0.41016;0.41992;0.42969;0.43945;0.44922;0.45898;0.46875;0.47852;0.48828;0.49805;0.50781;0.51758;0.52734;0.53711;0.54688;0.55664;0.56641;0.57617;0.58594;0.5957;0.60547;0.61523;0.625;0.63477;0.64453;0.6543;0.66406;0.67383;0.68359;0.69336;0.70313;0.71289;0.72266;0.73242;0.74219;0.75195;0.76172;0.77148;0.78125;0.79102,0.015868928;0.017906687999999997;0.0142848;0.011006976;0.008460288;0.01141248;0.011669503999999999;0.016109567999999998;0.06538342400000001;0.05957836799999999;0.019542016;0.009449472;0.007072768;0.004462592;0.003554304;0.003241984;0.00301056;0.0023552;0.001721344;0.00167424;0.0013905920000000002;0.00180736;0.001108992;0.0006502400000000001;0.000621568;0.00068096;0.000518144;0.0005734399999999999;0.0007413760000000001;0.0005468159999999999;0.000662528;0.0007280640000000001;0.000630784;0.000451584;0.00032768;0.00033894400000000004;0.000325632;0.0006225919999999999;0.0005816320000000001;0.00033382400000000003;0.00036147200000000005;0.0006041600000000001;0.000379904;0.000350208;0.0005754880000000001;0.0009441279999999999;0.001011712;0.001061888;0.0013547519999999999;0.002310144;0.003318784;0.002997248;0.0031313919999999998;0.004426751999999999;0.006484992;0.011441152;0.009285632;0.01054208;0.011370495999999999;0.007963648;0.0065064960000000005;0.009120768;0.008349696;0.011295743999999998;0.011148288000000001;0.008050687999999999;0.005874688;0.0070993919999999995;0.010334208000000001;0.006547456;0.004640767999999999;0.0043335679999999994;0.00531456;0.004476928;0.0044052480000000005;0.003883008;0.003447808;0.002783232;0.0024166400000000003
1791297900,hdr,0.0293;0.03906;0.04883;0.05859;0.06836;0.07813;0.08789;0.09766;0.10742;0.11719;0.12695;0.13672;0.14648;0.15625;0.16602;0.17578;0.18555;0.19531;0.20508;0.21484;0.22461;0.23438;0.24414;0.25391;0.26367;0.27344;0.2832;0.29297;0.30273;0.3125;0.32227;0.33203;0.3418;0.35156;0.36133;0.37109;0.38086;0.39063;0.40039;0.41016;0.41992;0.42969;0.43945;0.44922;0.45898;0.46875;0.47852;0.48828;0.49805;0.50781;0.51758;0.52734;0.53711;0.54688;0.55664;0.56641;0.57617;0.58594;0.5957;0.60547;0.61523;0.625;0.63477;0.64453;0.6543;0.66406;0.67383;0.68359;0.69336;0.70313;0.71289;0.72266;0.73242;0.74219;0.75195;0.76172;0.77148;0.78125;0.79102,0.002080768;0.0065812480000000005;0.01639936;0.008559616;0.017175552;0.01371136;0.006239232;0.021915648;0.058573824000000003;0.046157824;0.020723712;0.009577472;0.005033984;0.002895872;0.002689024;0.0019169279999999998;0.0014929920000000003;0.0014438399999999998;0.001251328;0.000791552;0.0010956800000000001;0.001301504;0.001058816;0.000720896;0.0008222720000000001;0.0011694079999999998;0.000807936;0.000633856;0.000483328;0.000535552;0.000636928;0.000387072;0.000494592;0.00049664;0.000434176;0.000352256;0.000524288;0.000641024;0.00046592000000000004;0.000787456;0.000918528;0.0020981759999999998;0.0029337599999999997;0.003459072;0.004209664;0.006279168000000001;0.007670784000000001;0.014287872;0.017214464;0.023071743999999998;0.041025536;0.025715711999999998;0.028307455999999998;0.020263936000000003;0.014683136;0.017181696;0.011076608;0.009222144;0.010127359999999998;0.0109056;0.006627328;0.004031488000000001;0.007069696000000001;0.006879232;0.006851584;0.007220224;0.005846016;0.0035809279999999997;0.0038911999999999996;0.003945472;0.0051722240000000004;0.004002816;0.003770368;0.003694592;0.0030330879999999998;0.0023019520000000003;0.001498112;0.00275456;0.002110464
1791298800,hdr,0.0293;0.03906;0.04883;0.05859;0.06836;0.07813;0.08789;0.09766;0.10742;0.11719;0.12695;0.13672;0.14648;0.15625;0.16602;0.17578;0.18555;0.19531;0.20508;0.21484;0.22461;0.23438;0.24414;0.25391;0.26367;0.27344;0.2832;0.29297;0.30273;0.3125;0.32227;0.33203;0.3418;0.35156;0.36133;0.37109;0.38086;0.39063;0.40039;0.41016;0.41992;0.42969;0.43945;0.44922;0.45898;0.46875;0.47852;0.48828;0.49805;0.50781;0.51758;0.52734;0.53711;0.54688;0.55664;0.56641;0.57617;0.58594;0.5957;0.60547;0.61523;0.625;0.63477;0.64453;0.6543;0.66406;0.67383;0.68359;0.69336;0.70313;0.71289;0.72266;0.73242;0.74219;0.75195;0.76172;0.77148;0.78125;0.79102,0.008416256;0.021016576000000002;0.022273024000000002;0.01143808;0.01455616;0.010626048;0.006375424;0.01244672;0.048818176;0.04642304;0.010487808;0.010181632;0.006510592;0.00377344;0.00226816;0.001403904;0.001913856;0.0015534079999999998;0.0014745600000000002;0.0019476480000000002;0.001878016;0.001323008;0.00141312;0.001056768;0.0009021439999999999;0.00076288;0.00039936;0.0006021119999999999;0.000771072;0.0006154239999999999;0.00047923199999999995;0.000324608;0.000447488;0.0005754880000000001;0.0004915200000000001;0.000625664;0.000636928;0.0011417600000000001;0.00198144;0.0022425599999999998;0.002458624;0.005458943999999999;0.006294528;0.009759743999999999;0.0177152;0.022762496;0.022012928;0.02581504;0.024098816;0.022644736000000002;0.016510976;0.012954624000000001;0.021139455999999997;0.024324096;0.017399808;0.01373184;0.01145344;0.010510336;0.01195008;0.007820288;0.007261184;0.004868096000000001;0.005255168;0.008175616;0.0073881599999999995;0.011154432;0.00802816;0.005947392;0.005255168;0.0042014719999999995;0.004481023999999999;0.004025343999999999;0.002372608;0.001985536;0.004258816;0.00296448;0.001741824;0.002655232;0.0022323200000000003
1791299700,hdr,0.0293;0.03906;0.04883;0.05859;0.06836;0.07813;0.08789;0.09766;0.10742;0.11719;0.12695;0.13672;0.14648;0.15625;0.16602;0.17578;0.18555;0.19531;0.20508;0.21484;0.22461;0.23438;0.24414;0.25391;0.26367;0.27344;0.2832;0.29297;0.30273;0.3125;0.32227;0.33203;0.3418;0.35156;0.36133;0.37109;0.38086;0.39063;0.40039;0.41016;0.41992;0.42969;0.43945;0.44922;0.45898;0.46875;0.47852;0.48828;0.49805;0.50781;0.51758;0.52734;0.53711;0.54688;0.55664;0.56641;0.57617;0.58594;0.5957;0.60547;0.61523;0.625;0.63477;0.64453;0.6543;0.66406;0.67383;0.68359;0.69336;0.70313;0.71289;0.72266;0.73242;0.74219;0.75195;0.76172;0.77148;0.78125;0.79102,0.010631168000000002;0.021592064;0.018776064000000002;0.013682688;0.01465344;0.012818432;0.006437888;0.01766912;0.063491072;0.040713216;0.013342719999999999;0.00531968;0.0037191679999999997;0.002563072;0.001984512;0.00162816;0.00190976;0.00209408;0.0012554240000000002;0.0010250239999999998;0.001349632;0.0014336;0.0009482239999999999;0.0006789119999999999;0.000651264;0.000734208;0.001055744;0.000882688;0.00049664;0.00050688;0.000924672;0.0011776;0.0008202239999999999;0.00042496;0.000415744;0.000753664;0.0007137280000000001;0.001137664;0.001420288;0.001980416;0.004903935999999999;0.007957504;0.01010688;0.012118016000000002;0.014160896;0.01287168;0.012281855999999999;0.016812031999999998;0.019845120000000004;0.019983360000000002;0.020389888;0.009138176;0.010027008;0.014388223999999998;0.00921088;0.005666816;0.007814143999999999;0.007416832;0.005902336;0.0068352000000000005;0.006674432000000001;0.005665791999999999;0.003857408;0.004964352;0.004773888;0.006825984;0.008249344;0.004105216;0.005055488;0.0047790079999999995;0.0027432959999999997;0.002116608;0.003352576;0.002397184;0.001403904;0.002028544;0.001425408;0.001483776;0.0014592000000000001
1791300600,hdr,0.0293;0.03906;0.04883;0.05859;0.06836;0.07813;0.08789;0.09766;0.10742;0.11719;0.12695;0.13672;0.14648;0.15625;0.16602;0.17578;0.18555;0.19531;0.20508;0.21484;0.22461;0.23438;0.24414;0.25391;0.26367;0.27344;0.2832;0.29297;0.30273;0.3125;0.32227;0.33203;0.3418;0.35156;0.36133;0.37109;0.38086;0.39063;0.40039;0.41016;0.41992;0.42969;0.43945;0.44922;0.45898;0.46875;0.47852;0.48828;0.49805;0.50781;0.51758;0.52734;0.53711;0.54688;0.55664;0.56641;0.57617;0.58594;0.5957;0.60547;0.61523;0.625;0.63477;0.64453;0.6543;0.66406;0.67383;0.68359;0.69336;0.70313;0.71289;0.72266;0.73242;0.74219;0.75195;0.76172;0.77148;0.78125;0.79102,0.013778944;0.025587712;0.018936831999999997;0.012813312;0.01115136;0.009339904000000001;0.006585344;0.020950016000000002;0.03664896;0.0292352;0.0093184;0.0061757439999999995;0.004461567999999999;0.0033024;0.001476608;0.00203776;0.00231936;0.0015513600000000001;0.001814528;0.001603584;0.0014704639999999999;0.001312768;0.0011427840000000002;0.000910336;0.000723968;0.0009420800000000001;0.001132544;0.0009205759999999999;0.00045056;0.0005580800000000001;0.000611328;0.000626688;0.000512;0.00045568;0.00034201599999999995;0.000320512;0.00039219200000000003;0.0005836799999999999;0.0005089280000000001;0.000549888;0.0007372800000000001;0.0010721279999999999;0.002325504;0.003136512;0.00472064;0.0062853119999999995;0.008324096000000001;0.009361408000000002;0.010053632;0.009510912;0.011444224;0.016642048;0.0123904;0.007279616;0.006250496;0.007079935999999999;0.00427008;0.005833728;0.0078592;0.0065812480000000005;0.004768768;0.003306496;0.00347648;0.0030412800000000004;0.004365312;0.004550656;0.003613696;0.004752384;0.0033167360000000002;0.00218112;0.003255296;0.004062208;0.002654208;0.0023111679999999997;0.003136512;0.0024012799999999996;0.00143872;0.001878016;0.0025579519999999996
1791301500,hdr,0.0293;0.03906;0.04883;0.05859;0.06836;0.07813;0.08789;0.09766;0.10742;0.11719;0.12695;0.13672;0.14648;0.15625;0.16602;0.17578;0.18555;0.19531;0.20508;0.21484;0.22461;0.23438;0.24414;0.25391;0.26367;0.27344;0.2832;0.29297;0.30273;0.3125;0.32227;0.33203;0.3418;0.35156;0.36133;0.37109;0.38086;0.39063;0.40039;0.41016;0.41992;0.42969;0.43945;0.44922;0.45898;0.46875;0.47852;0.48828;0.49805;0.50781;0.51758;0.52734;0.53711;0.54688;0.55664;0.56641;0.57617;0.58594;0.5957;0.60547;0.61523;0.625;0.63477;0.64453;0.6543;0.66406;0.67383;0.68359;0.69336;0.70313;0.71289;0.72266;0.73242;0.74219;0.75195;0.76172;0.77148;0.78125;0.79102,0.009926655999999999;0.017828863999999996;0.010390528;0.012263424;0.011071488;0.0071167999999999995;0.007621632;0.013487104000000001;0.050945024;0.051560448;0.013661184000000002;0.008256512;0.004598784000000001;0.0025978880000000005;0.002610176;0.00252416;0.002674688;0.00270336;0.001905664;0.00154624;0.000913408;0.0005918719999999999;0.000512;0.000782336;0.00075776;0.0005744639999999999;0.0005099519999999999;0.00048025600000000003;0.0005089280000000001;0.000641024;0.000698368;0.00044544;0.00034099200000000003;0.0003584;0.00042598399999999997;0.00046796800000000003;0.00048742400000000003;0.00036147200000000005;0.00043110399999999997;0.0006225919999999999;0.00041676800000000003;0.000457728;0.00039219200000000003;0.000412672;0.000543744;0.0006993920000000001;0.000842752;0.00125952;0.0013219840000000002;0.0024545279999999997;0.002929664;0.0023552;0.004030464;0.004067328;0.0051025919999999995;0.0045670400000000005;0.005045248;0.006086656;0.005320704;0.00606208;0.0071884800000000006;0.004376576;0.003996672;0.004897792000000001;0.003708928;0.003933184;0.003216384;0.003224576;0.004234239999999999;0.003856384;0.0020879360000000003;0.002803712;0.004815872;0.0028846080000000003;0.0025210880000000003;0.002316288;0.002044928;0.002866176;0.003355648
1791302400,hdr,0.0293;0.03906;0.04883;0.05859;0.06836;0.07813;0.08789;0.09766;0.10742;0.11719;0.12695;0.13672;0.14648;0.15625;0.16602;0.17578;0.18555;0.19531;0.20508;0.21484;0.22461;0.23438;0.24414;0.25391;0.26367;0.27344;0.2832;0.29297;0.30273;0.3125;0.32227;0.33203;0.3418;0.35156;0.36133;0.37109;0.38086;0.39063;0.40039;0.41016;0.41992;0.42969;0.43945;0.44922;0.45898;0.46875;0.47852;0.48828;0.49805;0.50781;0.51758;0.52734;0.53711;0.54688;0.55664;0.56641;0.57617;0.58594;0.5957;0.60547;0.61523;0.625;0.63477;0.64453;0.6543;0.66406;0.67383;0.68359;0.69336;0.70313;0.71289;0.72266;0.73242;0.74219;0.75195;0.76172;0.77148;0.78125;0.79102,0.007245824;0.012082176000000002;0.013912064;0.009535488000000002;0.007479295999999999;0.009377792;0.008836096;0.012281855999999999;0.029565952;0.031673344;0.01278464;0.00594432;0.004110336;0.001536;0.001937408;0.001805312;0.001798144;0.0009297919999999999;0.0009615359999999999;0.000978944;0.000984064;0.001143808;0.001476608;0.00087552;0.00041676800000000003;0.0006184960000000001;0.00075776;0.000750592;0.000559104;0.0005877759999999999;0.000468992;0.00050688;0.000553984;0.000759808;0.000551936;0.000579584;0.000494592;0.000251904;0.00020172799999999998;0.00029900799999999997;0.000638976;0.000565248;0.000376832;0.00047001599999999997;0.00052736;0.00047820800000000004;0.000545792;0.000679936;0.000726016;0.000679936;0.001242112;0.00167936;0.001531904;0.00118272;0.001983488;0.00183808;0.003538944;0.005597184;0.006079487999999999;0.005670912;0.005956608;0.007246848;0.0056872960000000005;0.0072857600000000005;0.008035328;0.007607296;0.006566912;0.005296128000000001;0.005691392;0.00685568;0.005738495999999999;0.004153344;0.0035123199999999998;0.003991552;0.0058818559999999995;0.00418816;0.003122176;0.0038635519999999997;0.003068928
1791303300,hdr,0.0293;0.03906;0.04883;0.05859;0.06836;0.07813;0.08789;0.09766;0.10742;0.11719;0.12695;0.13672;0.14648;0.15625;0.16602;0.17578;0.18555;0.19531;0.20508;0.21484;0.22461;0.23438;0.24414;0.25391;0.26367;0.27344;0.2832;0.29297;0.30273;0.3125;0.32227;0.33203;0.3418;0.35156;0.36133;0.37109;0.38086;0.39063;0.40039;0.41016;0.41992;0.42969;0.43945;0.44922;0.45898;0.46875;0.47852;0.48828;0.49805;0.50781;0.51758;0.52734;0.53711;0.54688;0.55664;0.56641;0.57617;0.58594;0.5957;0.60547;0.61523;0.625;0.63477;0.64453;0.6543;0.66406;0.67383;0.68359;0.69336;0.70313;0.71289;0.72266;0.73242;0.74219;0.75195;0.76172;0.77148;0.78125;0.79102,0.014352384;0.032316416;0.023980032000000002;0.017257472000000003;0.009344;0.008418303999999998;0.0062976;0.010086399999999999;0.02863616;0.040687616;0.012955647999999998;0.004543488;0.0027658239999999996;0.0036392959999999998;0.003134464;0.00203264;0.00239616;0.00176128;0.0010721279999999999;0.001113088;0.0014172160000000002;0.0012165119999999999;0.0010209280000000002;0.001440768;0.0010946560000000003;0.0008765439999999999;0.000800768;0.00044544;0.000444416;0.000502784;0.000289792;0.000468992;0.000492544;0.00042598399999999997;0.00040755200000000004;0.00032870400000000003;0.00030412799999999997;0.00050688;0.000432128;0.00026112;0.000323584;0.00042803200000000007;0.00040550399999999994;0.00043008000000000006;0.0004956159999999999;0.000607232;0.000621568;0.000524288;0.001164288;0.00168448;0.002011136;0.0030371839999999996;0.0033679359999999998;0.003303424;0.007204863999999999;0.009066496;0.011931648;0.009232384;0.008866816000000001;0.00813056;0.010459136;0.011309056000000001;0.011238399999999999;0.010523648;0.011068416;0.007477248000000001;0.003687424;0.003852288;0.004581375999999999;0.004163584;0.003902464;0.004158464;0.0036720640000000005;0.002316288;0.001557504;0.00211456;0.001641472;0.001472512;0.001636352
1791304200,hdr,0.0293;0.03906;0.04883;0.05859;0.06836;0.07813;0.08789;0.09766;0.10742;0.11719;0.12695;0.13672;0.14648;0.15625;0.16602;0.17578;0.18555;0.19531;0.20508;0.21484;0.22461;0.23438;0.24414;0.25391;0.26367;0.27344;0.2832;0.29297;0.30273;0.3125;0.32227;0.33203;0.3418;0.35156;0.36133;0.37109;0.38086;0.39063;0.40039;0.41016;0.41992;0.42969;0.43945;0.44922;0.45898;0.46875;0.47852;0.48828;0.49805;0.50781;0.51758;0.52734;0.53711;0.54688;0.55664;0.56641;0.57617;0.58594;0.5957;0.60547;0.61523;0.625;0.63477;0.64453;0.6543;0.66406;0.67383;0.68359;0.69336;0.70313;0.71289;0.72266;0.73242;0.74219;0.75195;0.76172;0.77148;0.78125;0.79102,0.015557632;0.023964672;0.03260928;0.026899456000000002;0.011613184;0.006930431999999999;0.007501824;0.019940351999999998;0.0323328;0.045335552;0.018768896;0.006098944;0.00625664;0.004517888;0.0020162559999999997;0.0022968320000000004;0.001574912;0.001661952;0.001626112;0.001636352;0.0016988160000000001;0.000927744;0.0009523200000000001;0.00101888;0.000723968;0.00047820800000000004;0.00042803200000000007;0.000466944;0.00044339199999999997;0.00048639999999999995;0.0005416959999999999;0.00039731200000000003;0.000436224;0.00032768;0.00030412799999999997;0.00032256;0.000411648;0.00041472;0.000406528;0.000345088;0.00029593599999999995;0.0002816;0.00036966399999999996;0.0005478400000000001;0.00076288;0.0007464960000000001;0.00126976;0.002044928;0.002888704;0.005586944;0.005822464;0.008289280000000001;0.010134528;0.008318975999999999;0.00678912;0.008410111999999999;0.009984;0.008203264000000002;0.006964224;0.008035328;0.006478848;0.004854784000000001;0.0049152;0.005499904;0.003695616;0.00371712;0.007095296;0.007857152;0.005423104000000001;0.003538944;0.004205568;0.004040704;0.002502656;0.002542592;0.0023500800000000005;0.0021534719999999996;0.002274304;0.0020910079999999997;0.0017090559999999998
1791305100,hdr,0.0293;0.03906;0.04883;0.05859;0.06836;0.07813;0.08789;0.09766;0.10742;0.11719;0.12695;0.13672;0.14648;0.15625;0.16602;0.17578;0.18555;0.19531;0.20508;0.21484;0.22461;0.23438;0.24414;0.25391;0.26367;0.27344;0.2832;0.29297;0.30273;0.3125;0.32227;0.33203;0.3418;0.35156;0.36133;0.37109;0.38086;0.39063;0.40039;0.41016;0.41992;0.42969;0.43945;0.44922;0.45898;0.46875;0.47852;0.48828;0.49805;0.50781;0.51758;0.52734;0.53711;0.54688;0.55664;0.56641;0.57617;0.58594;0.5957;0.60547;0.61523;0.625;0.63477;0.64453;0.6543;0.66406;0.67383;0.68359;0.69336;0.70313;0.71289;0.72266;0.73242;0.74219;0.75195;0.76172;0.77148;0.78125;0.79102,0.008797184;0.02121216;0.026681344000000003;0.018623487999999997;0.015269887999999999;0.009511936;0.006953984000000001;0.017296383999999998;0.02386432;0.024144896;0.01046528;0.006234112;0.0041963519999999995;0.002386944;0.0029419520000000003;0.002673664;0.002729984;0.002210816;0.001765376;0.001181696;0.0016435199999999999;0.001600512;0.0012154879999999998;0.0008202239999999999;0.0008765439999999999;0.00076288;0.000671744;0.000688128;0.0005406720000000001;0.000590848;0.0005836799999999999;0.000521216;0.00040243200000000004;0.000346112;0.00037888;0.000321536;0.000316416;0.000420864;0.00041676800000000003;0.000335872;0.000244736;0.00027340799999999994;0.00032870400000000003;0.000408576;0.0005857280000000001;0.000580608;0.000984064;0.0009748480000000001;0.00119808;0.002043904;0.004663296;0.0045199360000000004;0.004251648;0.009842688;0.010088448;0.006925312;0.00717824;0.009435136;0.008418303999999998;0.005562368000000001;0.006284288000000001;0.005051392;0.005435392;0.005487616;0.004240384;0.005830656;0.00549376;0.003154944;0.003352576;0.003365888;0.00285696;0.002445312;0.003158016;0.003904512;0.003144704;0.002363392;0.001855488;0.002231296;0.001929216
1791306000,hdr,0.0293;0.03906;0.04883;0.05859;0.06836;0.07813;0.08789;0.09766;0.10742;0.11719;0.12695;0.13672;0.14648;0.15625;0.16602;0.17578;0.18555;0.19531;0.20508;0.21484;0.22461;0.23438;0.24414;0.25391;0.26367;0.27344;0.2832;0.29297;0.30273;0.3125;0.32227;0.33203;0.3418;0.35156;0.36133;0.37109;0.38086;0.39063;0.40039;0.41016;0.41992;0.42969;0.43945;0.44922;0.45898;0.46875;0.47852;0.48828;0.49805;0.50781;0.51758;0.52734;0.53711;0.54688;0.55664;0.56641;0.57617;0.58594;0.5957;0.60547;0.61523;0.625;0.63477;0.64453;0.6543;0.66406;0.67383;0.68359;0.69336;0.70313;0.71289;0.72266;0.73242;0.74219;0.75195;0.76172;0.77148;0.78125;0.79102,0.006525952;0.00620032;0.010379264;0.010086399999999999;0.009360384;0.008438784;0.010750975999999999;0.011496447999999998;0.025044992000000002;0.037389312;0.0167424;0.005464063999999999;0.0018810880000000002;0.001926144;0.002762752;0.00200192;0.0015206400000000002;0.001488896;0.0011601919999999998;0.001685504;0.001316864;0.0009748480000000001;0.00059904;0.0006021119999999999;0.000672768;0.00070656;0.0007188480000000001;0.0007843840000000001;0.000679936;0.000579584;0.00043827199999999997;0.00027033600000000004;0.00030105599999999996;0.00031232;0.000156672;0.000233472;0.000380928;0.00036147200000000005;0.000257024;0.000234496;0.000387072;0.000420864;0.000375808;0.00029900799999999997;0.0003328;0.0006789119999999999;0.0011694079999999998;0.000868352;0.0013660159999999998;0.0022394880000000004;0.002929664;0.004754432;0.005787648;0.0062679039999999995;0.008264704;0.005060608;0.00628224;0.008217599999999999;0.00887808;0.010083327999999999;0.011114496000000001;0.008784896;0.004381696;0.004663296;0.004207616;0.0030863360000000003;0.004662272;0.0069601279999999995;0.005851136000000001;0.0051619840000000005;0.003447808;0.002627584;0.002783232;0.0035706880000000002;0.002794496;0.0026368000000000003;0.0030412800000000004;0.002379776;0.001550336
1791306900,hdr,0.0293;0.03906;0.04883;0.05859;0.06836;0.07813;0.08789;0.09766;0.10742;0.11719;0.12695;0.13672;0.14648;0.15625;0.16602;0.17578;0.18555;0.19531;0.20508;0.21484;0.22461;0.23438;0.24414;0.25391;0.26367;0.27344;0.2832;0.29297;0.30273;0.3125;0.32227;0.33203;0.3418;0.35156;0.36133;0.37109;0.38086;0.39063;0.40039;0.41016;0.41992;0.42969;0.43945;0.44922;0.45898;0.46875;0.47852;0.48828;0.49805;0.50781;0.51758;0.52734;0.53711;0.54688;0.55664;0.56641;0.57617;0.58594;0.5957;0.60547;0.61523;0.625;0.63477;0.64453;0.6543;0.66406;0.67383;0.68359;0.69336;0.70313;0.71289;0.72266;0.73242;0.74219;0.75195;0.76172;0.77148;0.78125;0.79102,0.006913024;0.011856896;0.01000448;0.006854656;0.004700160000000001;0.002456576;0.006336512;0.009581568;0.011728896;0.032421888;0.021677056;0.0037048320000000004;0.0028395519999999995;0.002725888;0.002054144;0.001600512;0.0012625919999999999;0.00146432;0.0014796800000000001;0.001033216;0.001414144;0.001137664;0.000751616;0.000867328;0.000796672;0.000703488;0.00037376;0.000372736;0.00043827199999999997;0.000264192;0.000305152;0.000376832;0.00044544;0.000278528;0.00030105599999999996;0.00032870400000000003;0.0005324799999999999;0.0005857280000000001;0.000325632;0.00042598399999999997;0.00044339199999999997;0.000449536;0.00034816000000000003;0.0006225919999999999;0.000538624;0.000871424;0.001229824;0.001011712;0.0012554240000000002;0.001824768;0.002868224;0.0028129279999999997;0.005693439999999999;0.005293056;0.004399104;0.009730048;0.013667328;0.00712704;0.0062699520000000005;0.011118591999999998;0.009662463999999999;0.0058920959999999994;0.006330368;0.008705023999999999;0.009677823999999998;0.0059648;0.007856128;0.00925696;0.006990848;0.00712704;0.0056832;0.0046223359999999995;0.004748288;0.004179968;0.005139456;0.0043827200000000005;0.0030904319999999997;0.0026327039999999996;0.002571264
1791307800,hdr,0.0293;0.03906;0.04883;0.05859;0.06836;0.07813;0.08789;0.09766;0.10742;0.11719;0.12695;0.13672;0.14648;0.15625;0.16602;0.17578;0.18555;0.19531;0.20508;0.21484;0.22461;0.23438;0.24414;0.25391;0.26367;0.27344;0.2832;0.29297;0.30273;0.3125;0.32227;0.33203;0.3418;0.35156;0.36133;0.37109;0.38086;0.39063;0.40039;0.41016;0.41992;0.42969;0.43945;0.44922;0.45898;0.46875;0.47852;0.48828;0.49805;0.50781;0.51758;0.52734;0.53711;0.54688;0.55664;0.56641;0.57617;0.58594;0.5957;0.60547;0.61523;0.625;0.63477;0.64453;0.6543;0.66406;0.67383;0.68359;0.69336;0.70313;0.71289;0.72266;0.73242;0.74219;0.75195;0.76172;0.77148;0.78125;0.79102,0.006345728;0.008331264;0.006255616;0.0042086400000000005;0.006094848;0.0072335360000000005;0.006388736;0.011155455999999998;0.013816832000000001;0.021217279999999998;0.01367552;0.004451328;0.00415744;0.00271872;0.002123776;0.001645568;0.001225728;0.0010291200000000001;0.001414144;0.00176128;0.0012646399999999998;0.000910336;0.000789504;0.000765952;0.0007280640000000001;0.00039628799999999996;0.000375808;0.00044544;0.000633856;0.000516096;0.000549888;0.000366592;0.00048127999999999995;0.000566272;0.000451584;0.00031232;0.000381952;0.000360448;0.000492544;0.000617472;0.000843776;0.001409024;0.0028129279999999997;0.0044544;0.007219199999999999;0.007163904;0.011086848;0.012372992;0.013418495999999999;0.016690176;0.027930624000000005;0.027723776000000002;0.01853952;0.01786368;0.014997503999999998;0.012132351999999999;0.010259456;0.010304512;0.013248512;0.0099072;0.0094208;0.00896;0.006662143999999999;0.006682624;0.007536640000000001;0.007749632;0.004364288000000001;0.002791424;0.0024791039999999998;0.0027514880000000003;0.001902592;0.003299328;0.003698688;0.0030126080000000004;0.002968576;0.0025958400000000003;0.001846272;0.0021534719999999996;0.002238464
1791308700,hdr,0.0293;0.03906;0.04883;0.05859;0.06836;0.07813;0.08789;0.09766;0.10742;0.11719;0.12695;0.13672;0.14648;0.15625;0.16602;0.17578;0.18555;0.19531;0.20508;0.21484;0.22461;0.23438;0.24414;0.25391;0.26367;0.27344;0.2832;0.29297;0.30273;0.3125;0.32227;0.33203;0.3418;0.35156;0.36133;0.37109;0.38086;0.39063;0.40039;0.41016;0.41992;0.42969;0.43945;0.44922;0.45898;0.46875;0.47852;0.48828;0.49805;0.50781;0.51758;0.52734;0.53711;0.54688;0.55664;0.56641;0.57617;0.58594;0.5957;0.60547;0.61523;0.625;0.63477;0.64453;0.6543;0.66406;0.67383;0.68359;0.69336;0.70313;0.71289;0.72266;0.73242;0.74219;0.75195;0.76172;0.77148;0.78125;0.79102,0.5652807679999999;0.785867776;0.735558656;0.564224;0.445613056;0.32208384;0.210307072;0.148622336;0.129803264;0.10006732800000001;0.062716928;0.04647628799999999;0.033961984;0.021649408;0.014130176000000001;0.012244992;0.007668736;0.0061952;0.004883456;0.002970624;0.0017766400000000001;0.0007229440000000001;0.001097728;0.0011161600000000002;0.000758784;0.0008110079999999999;0.0009738240000000001;0.001119232;0.0012032;0.0009523200000000001;0.000763904;0.001004544;0.001139712;0.000985088;0.000841728;0.000900096;0.0010752000000000001;0.001038336;0.001030144;0.000990208;0.0009359360000000001;0.0012953600000000002;0.0021780479999999997;0.003741696;0.004586496;0.00818688;0.012257279999999999;0.012217344000000002;0.017675264;0.028147712;0.019333120000000002;0.018106367999999998;0.01924096;0.02626048;0.017767424;0.008648704;0.007294976000000001;0.008148992;0.009873408;0.010535936;0.009580544;0.006396928;0.006100992;0.0060928;0.003965952;0.0036823039999999995;0.004128768;0.0032389119999999996;0.003812352;0.00269824;0.0021268479999999998;0.0024903679999999997;0.0031774719999999998;0.0028426239999999998;0.0019660800000000003;0.001700864;0.001517568;0.001604608;0.002497536
1791309600,hdr,0.0293;0.03906;0.04883;0.05859;0.06836;0.07813;0.08789;0.09766;0.10742;0.11719;0.12695;0.13672;0.14648;0.15625;0.16602;0.17578;0.18555;0.19531;0.20508;0.21484;0.22461;0.23438;0.24414;0.25391;0.26367;0.27344;0.2832;0.29297;0.30273;0.3125;0.32227;0.33203;0.3418;0.35156;0.36133;0.37109;0.38086;0.39063;0.40039;0.41016;0.41992;0.42969;0.43945;0.44922;0.45898;0.46875;0.47852;0.48828;0.49805;0.50781;0.51758;0.52734;0.53711;0.54688;0.55664;0.56641;0.57617;0.58594;0.5957;0.60547;0.61523;0.625;0.63477;0.64453;0.6543;0.66406;0.67383;0.68359;0.69336;0.70313;0.71289;0.72266;0.73242;0.74219;0.75195;0.76172;0.77148;0.78125;0.79102,0.00288256;0.007174144;0.008980479999999999;0.006091776000000001;0.007638016000000001;0.003605504;0.001202176;0.0041512960000000005;0.013799424000000001;0.019282944;0.009158656000000001;0.004425728;0.0020951040000000004;0.002048;0.001738752;0.00141312;0.00137216;0.0011417600000000001;0.00075264;0.000324608;0.0008304639999999999;0.000763904;0.0006082559999999999;0.0005468159999999999;0.0005099519999999999;0.00045568;0.0003328;0.000206848;0.00032256;0.000375808;0.000406528;0.00040755200000000004;0.000423936;0.000325632;0.000278528;0.00047308800000000003;0.000432128;0.000623616;0.00047820800000000004;0.000826368;0.0014346239999999998;0.00169472;0.002746368;0.004929536;0.005932032;0.00538624;0.007737344;0.020166655999999998;0.023583744;0.024275968;0.01829888;0.016818176;0.009924607999999998;0.008787967999999998;0.012061696;0.013759487999999999;0.008395776;0.008344576;0.007170048000000001;0.006308864;0.004104192;0.004381696;0.005691392;0.0057446400000000005;0.005392384;0.005030912;0.004477952;0.00413184;0.003958784;0.004069376;0.004777984000000001;0.0046970879999999994;0.003002368;0.003110912;0.0018432000000000001;0.002418688;0.003224576;0.0021872639999999995;0.001661952
1791310500,hdr,0.0293;0.03906;0.04883;0.05859;0.06836;0.07813;0.08789;0.09766;0.10742;0.11719;0.12695;0.13672;0.14648;0.15625;0.16602;0.17578;0.18555;0.19531;0.20508;0.21484;0.22461;0.23438;0.24414;0.25391;0.26367;0.27344;0.2832;0.29297;0.30273;0.3125;0.32227;0.33203;0.3418;0.35156;0.36133;0.37109;0.38086;0.39063;0.40039;0.41016;0.41992;0.42969;0.43945;0.44922;0.45898;0.46875;0.47852;0.48828;0.49805;0.50781;0.51758;0.52734;0.53711;0.54688;0.55664;0.56641;0.57617;0.58594;0.5957;0.60547;0.61523;0.625;0.63477;0.64453;0.6543;0.66406;0.67383;0.68359;0.69336;0.70313;0.71289;0.72266;0.73242;0.74219;0.75195;0.76172;0.77148;0.78125;0.79102,0.28884787199999995;0.477149184;0.45755289599999993;0.359148544;0.253787136;0.18861363199999998;0.146111488;0.124194816;0.113629184;0.108691456;0.083883008;0.059066367999999994;0.044254207999999996;0.037235712;0.032814079999999995;0.025440256;0.018033664;0.017573888;0.017262592;0.011899904;0.008806399999999999;0.009003008;0.008751104;0.006486016000000001;0.00584704;0.0058941440000000005;0.004905984;0.0036085759999999996;0.0030453760000000002;0.00282112;0.00265728;0.002331648;0.0021504000000000002;0.00149504;0.00123904;0.001027072;0.000984064;0.0012113920000000002;0.001042432;0.0011735040000000001;0.00159744;0.00256;0.002809856;0.007055360000000001;0.008638464;0.010475519999999999;0.014034943999999999;0.008905728;0.015270911999999998;0.029193216;0.024865791999999998;0.024882176;0.014232575999999999;0.019919872;0.022083584;0.022606848;0.014092288;0.009525248;0.008941567999999999;0.0070195200000000004;0.010496;0.009332736000000001;0.007554048;0.006310912;0.007534592;0.006468607999999999;0.005757952;0.005055488;0.0037304319999999997;0.006467584000000001;0.005351424;0.0038860800000000005;0.0028129279999999997;0.005057536;0.004135936;0.0029870079999999998;0.0029798399999999997;0.0026009600000000003;0.0031098880000000003
1791311400,hdr,0.0293;0.03906;0.04883;0.05859;0.06836;0.07813;0.08789;0.09766;0.10742;0.11719;0.12695;0.13672;0.14648;0.15625;0.16602;0.17578;0.18555;0.19531;0.20508;0.21484;0.22461;0.23438;0.24414;0.25391;0.26367;0.27344;0.2832;0.29297;0.30273;0.3125;0.32227;0.33203;0.3418;0.35156;0.36133;0.37109;0.38086;0.39063;0.40039;0.41016;0.41992;0.42969;0.43945;0.44922;0.45898;0.46875;0.47852;0.48828;0.49805;0.50781;0.51758;0.52734;0.53711;0.54688;0.55664;0.56641;0.57617;0.58594;0.5957;0.60547;0.61523;0.625;0.63477;0.64453;0.6543;0.66406;0.67383;0.68359;0.69336;0.70313;0.71289;0.72266;0.73242;0.74219;0.75195;0.76172;0.77148;0.78125;0.79102,0.004407296;0.010256384;0.010356735999999998;0.005746688;0.011517952;0.009797631999999999;0.006160384;0.010904576000000001;0.012511232;0.020622335999999998;0.020544512;0.00482304;0.002767872;0.002154496;0.002106368;0.0018442240000000002;0.00158208;0.001429504;0.0013506560000000002;0.001101824;0.001139712;0.00155648;0.00135168;0.00072704;0.000817152;0.0005560319999999999;0.0005468159999999999;0.00055296;0.000555008;0.00030412799999999997;0.00020889599999999997;0.0003328;0.00037785600000000004;0.000384;0.0005089280000000001;0.00052736;0.00040448000000000003;0.000652288;0.001056768;0.00092672;0.00150016;0.0025579519999999996;0.002048;0.006150144000000001;0.010411008;0.011590656;0.02574336;0.022096896;0.01854976;0.02231296;0.018860032;0.016054272;0.016438272;0.016520192000000003;0.012834816;0.005997568;0.009267200000000001;0.010766336000000001;0.0077639679999999996;0.0056872960000000005;0.004356095999999999;0.004178944;0.005281792;0.004429824;0.005347328;0.005977087999999999;0.006072320000000001;0.004692992;0.00393728;0.0034181119999999996;0.002464768;0.00180736;0.0021944319999999996;0.0018964479999999998;0.001778688;0.0021268479999999998;0.001774592;0.001426432;0.0010178560000000001
1791312300,hdr,0.0293;0.03906;0.04883;0.05859;0.06836;0.07813;0.08789;0.09766;0.10742;0.11719;0.12695;0.13672;0.14648;0.15625;0.16602;0.17578;0.18555;0.19531;0.20508;0.21484;0.22461;0.23438;0.24414;0.25391;0.26367;0.27344;0.2832;0.29297;0.30273;0.3125;0.32227;0.33203;0.3418;0.35156;0.36133;0.37109;0.38086;0.39063;0.40039;0.41016;0.41992;0.42969;0.43945;0.44922;0.45898;0.46875;0.47852;0.48828;0.49805;0.50781;0.51758;0.52734;0.53711;0.54688;0.55664;0.56641;0.57617;0.58594;0.5957;0.60547;0.61523;0.625;0.63477;0.64453;0.6543;0.66406;0.67383;0.68359;0.69336;0.70313;0.71289;0.72266;0.73242;0.74219;0.75195;0.76172;0.77148;0.78125;0.79102,0.00443904;0.006975488;0.011698176;0.008111104;0.010248192;0.00405504;0.004204544;0.0064696319999999995;0.01501184;0.023878655999999998;0.01374208;0.004324352;0.0024494079999999997;0.0021288960000000003;0.001122304;0.0009943039999999999;0.00135168;0.0011243520000000001;0.000987136;0.000905216;0.001099776;0.000955392;0.000894976;0.0010649599999999998;0.0010014719999999998;0.0007833599999999999;0.000646144;0.000553984;0.000330752;0.0005601279999999999;0.0005416959999999999;0.00039423999999999997;0.00025088;0.00018124799999999998;0.000269312;0.00043827199999999997;0.00021401600000000003;0.00018739199999999998;0.00023654400000000002;0.000528384;0.0005816320000000001;0.00034304;0.00043315199999999996;0.000745472;0.001168384;0.0008192000000000001;0.00104448;0.002176;0.0037386240000000003;0.005825536;0.008708096;0.00925184;0.009481216;0.008460288;0.009803776;0.009648128;0.00660992;0.003779584;0.0057794560000000005;0.009520128000000001;0.00873472;0.009524224;0.005664768;0.004182015999999999;0.0036976640000000002;0.005200896000000001;0.004377600000000001;0.004081664;0.002737152;0.00279552;0.005317631999999999;0.00452608;0.002192384;0.00236544;0.002226176;0.002092032;0.0022702079999999997;0.0024064;0.00324096
1791313200,hdr,0.0293;0.03906;0.04883;0.05859;0.06836;0.07813;0.08789;0.09766;0.10742;0.11719;0.12695;0.13672;0.14648;0.15625;0.16602;0.17578;0.18555;0.19531;0.20508;0.21484;0.22461;0.23438;0.24414;0.25391;0.26367;0.27344;0.2832;0.29297;0.30273;0.3125;0.32227;0.33203;0.3418;0.35156;0.36133;0.37109;0.38086;0.39063;0.40039;0.41016;0.41992;0.42969;0.43945;0.44922;0.45898;0.46875;0.47852;0.48828;0.49805;0.50781;0.51758;0.52734;0.53711;0.54688;0.55664;0.56641;0.57617;0.58594;0.5957;0.60547;0.61523;0.625;0.63477;0.64453;0.6543;0.66406;0.67383;0.68359;0.69336;0.70313;0.71289;0.72266;0.73242;0.74219;0.75195;0.76172;0.77148;0.78125;0.79102,0.00246272;0.004847616;0.005738495999999999;0.006141952;0.008198144;0.005195776000000001;0.007417856;0.012681215999999999;0.015391743999999999;0.012556288;0.012357632000000002;0.004543488;0.003011584;0.002486272;0.000992256;0.000659456;0.000823296;0.001263616;0.000979968;0.001031168;0.0009594880000000001;0.0013342719999999998;0.0012032;0.000769024;0.0006952960000000001;0.000607232;0.000694272;0.0005304320000000001;0.00038912;0.000388096;0.000372736;0.000432128;0.000421888;0.00035328;0.00020992;0.000211968;0.000211968;0.00023961599999999998;0.00041472;0.00043110399999999997;0.0006123519999999999;0.000566272;0.0006973439999999999;0.001329152;0.001461248;0.0009564160000000001;0.003119104;0.004816895999999999;0.005289983999999999;0.007131136;0.006064128;0.007457792;0.008656895999999999;0.013433856;0.009969664000000001;0.00785408;0.009125887999999999;0.009089024;0.004670464;0.009483264000000002;0.006135808;0.005250047999999999;0.005107712;0.0069396480000000005;0.004409344;0.004850688;0.0062699520000000005;0.00524288;0.006724608;0.0033832960000000005;0.002966528;0.003009536;0.0038021120000000003;0.0037888;0.0022568959999999996;0.002142208;0.0017356799999999999;0.002260992;0.0017602560000000002
1791314100,hdr,0.0293;0.03906;0.04883;0.05859;0.06836;0.07813;0.08789;0.09766;0.10742;0.11719;0.12695;0.13672;0.14648;0.15625;0.16602;0.17578;0.18555;0.19531;0.20508;0.21484;0.22461;0.23438;0.24414;0.25391;0.26367;0.27344;0.2832;0.29297;0.30273;0.3125;0.32227;0.33203;0.3418;0.35156;0.36133;0.37109;0.38086;0.39063;0.40039;0.41016;0.41992;0.42969;0.43945;0.44922;0.45898;0.46875;0.47852;0.48828;0.49805;0.50781;0.51758;0.52734;0.53711;0.54688;0.55664;0.56641;0.57617;0.58594;0.5957;0.60547;0.61523;0.625;0.63477;0.64453;0.6543;0.66406;0.67383;0.68359;0.69336;0.70313;0.71289;0.72266;0.73242;0.74219;0.75195;0.76172;0.77148;0.78125;0.79102,0.006565888;0.018016255999999998;0.013014016;0.009308160000000001;0.008170496;0.003575808;0.004535295999999999;0.0104192;0.01291264;0.019810304;0.017510400000000002;0.004452352;0.002361344;0.002460672;0.0016179200000000001;0.000888832;0.001009664;0.0010803199999999998;0.0012400640000000001;0.00100352;0.0008304639999999999;0.000795648;0.0009420800000000001;0.000690176;0.0006789119999999999;0.000688128;0.00048025600000000003;0.000557056;0.000548864;0.000847872;0.000869376;0.000751616;0.000524288;0.000515072;0.00047001599999999997;0.000344064;0.000350208;0.000289792;0.0005888;0.000847872;0.0007219199999999999;0.001189888;0.001809408;0.0029122560000000002;0.0025651199999999997;0.00344576;0.006412288;0.01129984;0.011586560000000001;0.0150016;0.018221056;0.017050624;0.013493248;0.018417663999999997;0.018171904000000003;0.011982848;0.011761663999999998;0.008498176000000001;0.005880831999999999;0.01044992;0.007566335999999999;0.006393856000000001;0.008587263999999999;0.0066816;0.006127616;0.005412864;0.004365312;0.004549632;0.004298752;0.006699008;0.005424127999999999;0.003637248;0.0027893759999999997;0.0020418560000000003;0.0022241279999999997;0.002398208;0.0022661120000000002;0.0015953919999999997;0.0021964800000000002
1791315000,hdr,0.0293;0.03906;0.04883;0.05859;0.06836;0.07813;0.08789;0.09766;0.10742;0.11719;0.12695;0.13672;0.14648;0.15625;0.16602;0.17578;0.18555;0.19531;0.20508;0.21484;0.22461;0.23438;0.24414;0.25391;0.26367;0.27344;0.2832;0.29297;0.30273;0.3125;0.32227;0.33203;0.3418;0.35156;0.36133;0.37109;0.38086;0.39063;0.40039;0.41016;0.41992;0.42969;0.43945;0.44922;0.45898;0.46875;0.47852;0.48828;0.49805;0.50781;0.51758;0.52734;0.53711;0.54688;0.55664;0.56641;0.57617;0.58594;0.5957;0.60547;0.61523;0.625;0.63477;0.64453;0.6543;0.66406;0.67383;0.68359;0.69336;0.70313;0.71289;0.72266;0.73242;0.74219;0.75195;0.76172;0.77148;0.78125;0.79102,0.005872639999999999;0.013730816;0.009405440000000001;0.010380288;0.011373568;0.012675072;0.007456768;0.009508864;0.016985088;0.024964096;0.021281791999999997;0.006017024;0.002720768;0.0014817279999999999;0.002029568;0.0024739840000000003;0.001352704;0.000897024;0.001591296;0.001345536;0.00134144;0.0013895679999999999;0.000840704;0.001312768;0.001036288;0.000894976;0.00091648;0.00067584;0.000668672;0.000796672;0.0007936;0.000688128;0.000702464;0.0007075839999999999;0.000538624;0.000390144;0.00034304;0.000648192;0.0006574080000000001;0.0005713920000000001;0.0007423999999999999;0.001032192;0.000827392;0.001385472;0.0024883199999999996;0.0048332800000000006;0.005989376;0.007455744;0.01341952;0.012853248000000001;0.009134080000000001;0.01534464;0.017641472000000002;0.020666367999999997;0.019892224;0.008854528;0.006624256;0.013792256;0.010841088;0.007678976;0.009053183999999999;0.008838144000000001;0.007119872;0.0048312319999999995;0.003786752;0.002798592;0.00393728;0.00399872;0.003521536;0.0030453760000000002;0.003239936;0.003513344;0.003576832;0.00300032;0.0022374400000000003;0.002955264;0.0032296959999999998;0.001779712;0.001503232
1791315900,hdr,0.0293;0.03906;0.04883;0.05859;0.06836;0.07813;0.08789;0.09766;0.10742;0.11719;0.12695;0.13672;0.14648;0.15625;0.16602;0.17578;0.18555;0.19531;0.20508;0.21484;0.22461;0.23438;0.24414;0.25391;0.26367;0.27344;0.2832;0.29297;0.30273;0.3125;0.32227;0.33203;0.3418;0.35156;0.36133;0.37109;0.38086;0.39063;0.40039;0.41016;0.41992;0.42969;0.43945;0.44922;0.45898;0.46875;0.47852;0.48828;0.49805;0.50781;0.51758;0.52734;0.53711;0.54688;0.55664;0.56641;0.57617;0.58594;0.5957;0.60547;0.61523;0.625;0.63477;0.64453;0.6543;0.66406;0.67383;0.68359;0.69336;0.70313;0.71289;0.72266;0.73242;0.74219;0.75195;0.76172;0.77148;0.78125;0.79102,0.008347648;0.01176576;0.012020735999999999;0.012457984;0.011167744;0.006642688;0.003270656;0.00632832;0.015526912;0.015566848;0.017107968;0.008180736;0.0033546239999999996;0.0014448640000000001;0.00170496;0.0021964800000000002;0.001980416;0.0015063040000000002;0.001139712;0.001364992;0.001309696;0.001024;0.001067008;0.001176576;0.0011233280000000003;0.000828416;0.0008591359999999999;0.001024;0.000712704;0.000454656;0.000529408;0.000743424;0.000638976;0.0005416959999999999;0.000415744;0.000401408;0.000371712;0.0004884479999999999;0.000516096;0.0005734399999999999;0.0006952960000000001;0.000795648;0.000843776;0.001970176;0.0028692479999999996;0.00305664;0.0030197759999999996;0.004103168000000001;0.00546304;0.006601727999999999;0.00621056;0.008233984;0.012752896000000001;0.012343296;0.009038848;0.008393728;0.008516608;0.008434688000000001;0.010725376;0.006474751999999999;0.007059456;0.008639487999999999;0.008423424;0.007096320000000001;0.005982207999999999;0.003990528;0.004370432;0.004252672;0.004033536;0.0034611200000000003;0.0022906879999999995;0.002267136;0.002125824;0.002245632;0.001985536;0.001891328;0.002501632;0.00183296;0.001656832
1791316800,hdr,0.0293;0.03906;0.04883;0.05859;0.06836;0.07813;0.08789;0.09766;0.10742;0.11719;0.12695;0.13672;0.14648;0.15625;0.16602;0.17578;0.18555;0.19531;0.20508;0.21484;0.22461;0.23438;0.24414;0.25391;0.26367;0.27344;0.2832;0.29297;0.30273;0.3125;0.32227;0.33203;0.3418;0.35156;0.36133;0.37109;0.38086;0.39063;0.40039;0.41016;0.41992;0.42969;0.43945;0.44922;0.45898;0.46875;0.47852;0.48828;0.49805;0.50781;0.51758;0.52734;0.53711;0.54688;0.55664;0.56641;0.57617;0.58594;0.5957;0.60547;0.61523;0.625;0.63477;0.64453;0.6543;0.66406;0.67383;0.68359;0.69336;0.70313;0.71289;0.72266;0.73242;0.74219;0.75195;0.76172;0.77148;0.78125;0.79102,0.006709247999999999;0.008723456000000001;0.005732352;0.006832128;0.007957504;0.007450624;0.005276672;0.006572032;0.015143936;0.022665216000000002;0.012655616;0.003419136;0.002052096;0.0014745600000000002;0.0015769599999999999;0.0019773440000000002;0.001537024;0.000905216;0.001091584;0.001114112;0.0010014719999999998;0.000750592;0.00062464;0.0009318400000000001;0.000893952;0.0007833599999999999;0.000543744;0.000387072;0.000512;0.00064;0.0006041600000000001;0.0006502400000000001;0.000442368;0.000413696;0.00036761599999999997;0.00040243200000000004;0.000421888;0.000371712;0.000308224;0.00029798400000000005;0.000339968;0.000456704;0.0007229440000000001;0.000736256;0.000580608;0.000908288;0.001692672;0.002477056;0.00443392;0.005233664;0.00731648;0.007378943999999999;0.009832448;0.010308608;0.012136448000000001;0.011159552;0.011689984;0.013039616;0.01055232;0.007259135999999999;0.0051722240000000004;0.0067532799999999995;0.005946368;0.004789247999999999;0.0057497600000000005;0.00452608;0.005219328;0.0062177280000000005;0.004517888;0.003120128;0.002724864;0.003357696;0.003724288;0.0022599680000000002;0.0029173759999999997;0.003187712;0.003935232;0.0022937599999999997;0.0018636800000000002
1791317700,hdr,0.0293;0.03906;0.04883;0.05859;0.06836;0.07813;0.08789;0.09766;0.10742;0.11719;0.12695;0.13672;0.14648;0.15625;0.16602;0.17578;0.18555;0.19531;0.20508;0.21484;0.22461;0.23438;0.24414;0.25391;0.26367;0.27344;0.2832;0.29297;0.30273;0.3125;0.32227;0.33203;0.3418;0.35156;0.36133;0.37109;0.38086;0.39063;0.40039;0.41016;0.41992;0.42969;0.43945;0.44922;0.45898;0.46875;0.47852;0.48828;0.49805;0.50781;0.51758;0.52734;0.53711;0.54688;0.55664;0.56641;0.57617;0.58594;0.5957;0.60547;0.61523;0.625;0.63477;0.64453;0.6543;0.66406;0.67383;0.68359;0.69336;0.70313;0.71289;0.72266;0.73242;0.74219;0.75195;0.76172;0.77148;0.78125;0.79102,0.0060835839999999995;0.015780864;0.011830272000000001;0.00746496;0.011208704;0.009849856000000002;0.007345152;0.009839616;0.01095168;0.014706688;0.013612032;0.0038492160000000004;0.00246272;0.001931264;0.00131584;0.0017930239999999998;0.002535424;0.001670144;0.000941056;0.000789504;0.001333248;0.0012247039999999999;0.000714752;0.0008110079999999999;0.000768;0.0006932479999999999;0.0005099519999999999;0.000740352;0.00047616000000000005;0.0005867520000000001;0.0007936;0.00059392;0.000475136;0.000256;0.000489472;0.00041472;0.00034816000000000003;0.0004956159999999999;0.00044544;0.000380928;0.000398336;0.00027136;0.000246784;0.000512;0.000544768;0.000305152;0.000638976;0.000738304;0.001155072;0.001338368;0.0016384000000000001;0.0034754559999999996;0.004066304;0.00495616;0.007122944000000001;0.008589312;0.0059811840000000005;0.008302592000000001;0.0077465599999999996;0.0062904319999999994;0.0067604480000000005;0.006065152;0.005775359999999999;0.004556800000000001;0.003922944;0.0032296959999999998;0.004204544;0.004344832000000001;0.003968;0.004166656;0.004661248;0.004307968;0.005094400000000001;0.0036085759999999996;0.002413568;0.001850368;0.0014499839999999999;0.001343488;0.001987584
1791318600,hdr,0.0293;0.03906;0.04883;0.05859;0.06836;0.07813;0.08789;0.09766;0.10742;0.11719;0.12695;0.13672;0.14648;0.15625;0.16602;0.17578;0.18555;0.19531;0.20508;0.21484;0.22461;0.23438;0.24414;0.25391;0.26367;0.27344;0.2832;0.29297;0.30273;0.3125;0.32227;0.33203;0.3418;0.35156;0.36133;0.37109;0.38086;0.39063;0.40039;0.41016;0.41992;0.42969;0.43945;0.44922;0.45898;0.46875;0.47852;0.48828;0.49805;0.50781;0.51758;0.52734;0.53711;0.54688;0.55664;0.56641;0.57617;0.58594;0.5957;0.60547;0.61523;0.625;0.63477;0.64453;0.6543;0.66406;0.67383;0.68359;0.69336;0.70313;0.71289;0.72266;0.73242;0.74219;0.75195;0.76172;0.77148;0.78125;0.79102,0.004571136000000001;0.010070016000000001;0.00997888;0.012153856;0.008546304;0.00314368;0.001201152;0.003821568;0.0109568;0.017074176000000003;0.013718527999999999;0.006542335999999999;0.00441856;0.002020352;0.001439744;0.001432576;0.00096768;0.001028096;0.001050624;0.001308672;0.0008458240000000001;0.00068096;0.000642048;0.000526336;0.000610304;0.000785408;0.000656384;0.00042496;0.00033382400000000003;0.000607232;0.000642048;0.00033894400000000004;0.00026623999999999994;0.00033382400000000003;0.00023859199999999998;0.00029183999999999997;0.000371712;0.00035430400000000006;0.0002816;0.00028671999999999997;0.00031744;0.00025088;0.000144384;0.00016384;0.00024780799999999997;0.000314368;0.000434176;0.0005007359999999999;0.000518144;0.00048127999999999995;0.000605184;0.00119296;0.0014929920000000003;0.002086912;0.002811904;0.004123648;0.00618496;0.006254592;0.0055080960000000005;0.005942272;0.004748288;0.005516288;0.006519808;0.005107712;0.0041492479999999995;0.003218432;0.004752384;0.004117504;0.002776064;0.0034027519999999998;0.003898368;0.003713024;0.002683904;0.0019394560000000002;0.002134016;0.0024637440000000004;0.00196096;0.00138752;0.001652736
1791319500,hdr,0.0293;0.03906;0.04883;0.05859;0.06836;0.07813;0.08789;0.09766;0.10742;0.11719;0.12695;0.13672;0.14648;0.15625;0.16602;0.17578;0.18555;0.19531;0.20508;0.21484;0.22461;0.23438;0.24414;0.25391;0.26367;0.27344;0.2832;0.29297;0.30273;0.3125;0.32227;0.33203;0.3418;0.35156;0.36133;0.37109;0.38086;0.39063;0.40039;0.41016;0.41992;0.42969;0.43945;0.44922;0.45898;0.46875;0.47852;0.48828;0.49805;0.50781;0.51758;0.52734;0.53711;0.54688;0.55664;0.56641;0.57617;0.58594;0.5957;0.60547;0.61523;0.625;0.63477;0.64453;0.6543;0.66406;0.67383;0.68359;0.69336;0.70313;0.71289;0.72266;0.73242;0.74219;0.75195;0.76172;0.77148;0.78125;0.79102,0.0024381439999999997;0.003675136;0.007102464;0.008290304;0.0025907200000000003;0.004366336;0.005311488;0.009209855999999999;0.01545728;0.018838527999999997;0.017250304;0.011099136;0.004783103999999999;0.002961408;0.001997824;0.001865728;0.0016916480000000002;0.001289216;0.001558528;0.0011960319999999999;0.001145856;0.001507328;0.0010721279999999999;0.001242112;0.000922624;0.0007219199999999999;0.0006850560000000001;0.000714752;0.0005734399999999999;0.00040243200000000004;0.000371712;0.00030617599999999996;0.000335872;0.000459776;0.0005406720000000001;0.000346112;0.00040755200000000004;0.00023142399999999999;0.000118784;0.000211968;0.000257024;0.00032768;0.00030003200000000004;0.000222208;0.0002816;0.000275456;0.000272384;0.000284672;0.000264192;0.00040960000000000004;0.000434176;0.000442368;0.0006737919999999999;0.001102848;0.001030144;0.002277376;0.0037754880000000005;0.002444288;0.002258944;0.0021626880000000003;0.0026245120000000003;0.003549184;0.004890624;0.004117504;0.006157312;0.005277696;0.004097024;0.0036515840000000003;0.002522112;0.002300928;0.0032133120000000003;0.003735552;0.002828288;0.00221184;0.001323008;0.001509376;0.0023674879999999996;0.0020183040000000003;0.001540096
1791320400,hdr,0.0293;0.03906;0.04883;0.05859;0.06836;0.07813;0.08789;0.09766;0.10742;0.11719;0.12695;0.13672;0.14648;0.15625;0.16602;0.17578;0.18555;0.19531;0.20508;0.21484;0.22461;0.23438;0.24414;0.25391;0.26367;0.27344;0.2832;0.29297;0.30273;0.3125;0.32227;0.33203;0.3418;0.35156;0.36133;0.37109;0.38086;0.39063;0.40039;0.41016;0.41992;0.42969;0.43945;0.44922;0.45898;0.46875;0.47852;0.48828;0.49805;0.50781;0.51758;0.52734;0.53711;0.54688;0.55664;0.56641;0.57617;0.58594;0.5957;0.60547;0.61523;0.625;0.63477;0.64453;0.6543;0.66406;0.67383;0.68359;0.69336;0.70313;0.71289;0.72266;0.73242;0.74219;0.75195;0.76172;0.77148;0.78125;0.79102,0.0015697920000000002;0.002620416;0.002203648;0.000899072;0.0015687680000000001;0.001938432;0.001472512;0.005204992;0.010723327999999999;0.014252032;0.008232960000000001;0.007785472000000001;0.0031313919999999998;0.0020981759999999998;0.00149504;0.00105472;0.000912384;0.0008765439999999999;0.000854016;0.00107008;0.000764928;0.000687104;0.0009830400000000001;0.0010649599999999998;0.00068608;0.0005816320000000001;0.00047206399999999996;0.000605184;0.0009400319999999999;0.0006932479999999999;0.000339968;0.000221184;0.000441344;0.000418816;0.000395264;0.000313344;0.00034304;0.00027340799999999994;0.000241664;0.00035942400000000006;0.00047616000000000005;0.000395264;0.000325632;0.00020377600000000002;0.000183296;0.000262144;0.00027033600000000004;0.000257024;0.00029798400000000005;0.000386048;0.000257024;0.00034304;0.000326656;0.00039423999999999997;0.000621568;0.001043456;0.00109056;0.0017131520000000001;0.0016138239999999998;0.002112512;0.0027013120000000004;0.003421184;0.0037058559999999996;0.004984832000000001;0.003810304;0.005512192;0.005173248;0.004369408;0.004326399999999999;0.0033003520000000003;0.004161536;0.005547008;0.00431104;0.002770944;0.00274432;0.002757632;0.002315264;0.00187904;0.001508352
1791321300,hdr,0.0293;0.03906;0.04883;0.05859;0.06836;0.07813;0.08789;0.09766;0.10742;0.11719;0.12695;0.13672;0.14648;0.15625;0.16602;0.17578;0.18555;0.19531;0.20508;0.21484;0.22461;0.23438;0.24414;0.25391;0.26367;0.27344;0.2832;0.29297;0.30273;0.3125;0.32227;0.33203;0.3418;0.35156;0.36133;0.37109;0.38086;0.39063;0.40039;0.41016;0.41992;0.42969;0.43945;0.44922;0.45898;0.46875;0.47852;0.48828;0.49805;0.50781;0.51758;0.52734;0.53711;0.54688;0.55664;0.56641;0.57617;0.58594;0.5957;0.60547;0.61523;0.625;0.63477;0.64453;0.6543;0.66406;0.67383;0.68359;0.69336;0.70313;0.71289;0.72266;0.73242;0.74219;0.75195;0.76172;0.77148;0.78125;0.79102,0.0021329920000000002;0.004317184;0.0044052480000000005;0.0037928959999999996;0.006146048;0.005907456;0.007700479999999999;0.008813567999999999;0.01080832;0.013858816;0.011134976000000001;0.00613888;0.002656256;0.001744896;0.001702912;0.0013926400000000001;0.001253376;0.00123392;0.001395712;0.000889856;0.00090624;0.001052672;0.000569344;0.000391168;0.000513024;0.000617472;0.000795648;0.0005980159999999999;0.000429056;0.0005099519999999999;0.000466944;0.0004884479999999999;0.000375808;0.000483328;0.000376832;0.000372736;0.000329728;0.00044032;0.000384;0.000329728;0.000258048;0.00029696;0.00023040000000000002;0.00023040000000000002;0.00026521600000000003;0.000262144;0.000319488;0.000260096;0.000381952;0.000679936;0.00061952;0.000420864;0.000489472;0.00055296;0.000871424;0.001077248;0.001092608;0.001830912;0.0026490879999999995;0.00290304;0.0023500800000000005;0.0024791039999999998;0.004790272;0.004267008;0.0029163519999999997;0.0033617919999999997;0.004299776;0.004015104;0.004018176;0.003180544;0.003480576;0.0035686399999999997;0.003492864;0.001680384;0.0009256959999999999;0.0023275519999999997;0.0028927999999999996;0.002443264;0.00137728
1791322200,hdr,0.0293;0.03906;0.04883;0.05859;0.06836;0.07813;0.08789;0.09766;0.10742;0.11719;0.12695;0.13672;0.14648;0.15625;0.16602;0.17578;0.18555;0.19531;0.20508;0.21484;0.22461;0.23438;0.24414;0.25391;0.26367;0.27344;0.2832;0.29297;0.30273;0.3125;0.32227;0.33203;0.3418;0.35156;0.36133;0.37109;0.38086;0.39063;0.40039;0.41016;0.41992;0.42969;0.43945;0.44922;0.45898;0.46875;0.47852;0.48828;0.49805;0.50781;0.51758;0.52734;0.53711;0.54688;0.55664;0.56641;0.57617;0.58594;0.5957;0.60547;0.61523;0.625;0.63477;0.64453;0.6543;0.66406;0.67383;0.68359;0.69336;0.70313;0.71289;0.72266;0.73242;0.74219;0.75195;0.76172;0.77148;0.78125;0.79102,0.00643584;0.007297024;0.006575103999999999;0.008093696;0.013886464;0.008600576;0.005480448000000001;0.007244799999999999;0.011523072;0.013437952;0.011210752;0.005163008;0.0038307840000000003;0.0024576;0.002661376;0.002475008;0.0012523519999999998;0.0008663039999999999;0.0009482239999999999;0.00124928;0.001181696;0.0008519679999999999;0.0005877759999999999;0.00043827199999999997;0.00062464;0.000628736;0.0006932479999999999;0.000768;0.000507904;0.00046080000000000003;0.000617472;0.00040243200000000004;0.000356352;0.00036966399999999996;0.00044646400000000004;0.000458752;0.0004352;0.000330752;0.00020992;9.4208e-05;0.000134144;0.000227328;0.000248832;0.000196608;0.000226304;0.000264192;0.000278528;0.00033689599999999994;0.000251904;0.000319488;0.000313344;0.0003072;0.000550912;0.000641024;0.000740352;0.000726016;0.000538624;0.00047820800000000004;0.000714752;0.001139712;0.0013783040000000001;0.002138112;0.002798592;0.002443264;0.0033617919999999997;0.003889152;0.003088384;0.0038656000000000003;0.0036352000000000003;0.003487744;0.00441856;0.003782656;0.002475008;0.002932736;0.0024422399999999996;0.0023296;0.0022814719999999997;0.002366464;0.0018698239999999997
1791323100,hdr,0.0293;0.03906;0.04883;0.05859;0.06836;0.07813;0.08789;0.09766;0.10742;0.11719;0.12695;0.13672;0.14648;0.15625;0.16602;0.17578;0.18555;0.19531;0.20508;0.21484;0.22461;0.23438;0.24414;0.25391;0.26367;0.27344;0.2832;0.29297;0.30273;0.3125;0.32227;0.33203;0.3418;0.35156;0.36133;0.37109;0.38086;0.39063;0.40039;0.41016;0.41992;0.42969;0.43945;0.44922;0.45898;0.46875;0.47852;0.48828;0.49805;0.50781;0.51758;0.52734;0.53711;0.54688;0.55664;0.56641;0.57617;0.58594;0.5957;0.60547;0.61523;0.625;0.63477;0.64453;0.6543;0.66406;0.67383;0.68359;0.69336;0.70313;0.71289;0.72266;0.73242;0.74219;0.75195;0.76172;0.77148;0.78125;0.79102,0.002551808;0.008189952;0.013210623999999999;0.008232960000000001;0.0061808639999999995;0.005149696;0.003057664;0.007607296;0.010188800000000001;0.01295872;0.014143488;0.008764416;0.002476032;0.002051072;0.0023511039999999997;0.001267712;0.0014274560000000001;0.0014632959999999998;0.001010688;0.000813056;0.0012544;0.001243136;0.001009664;0.000907264;0.000795648;0.0007075839999999999;0.000566272;0.00044544;0.000545792;0.0005324799999999999;0.000539648;0.000420864;0.000539648;0.0005857280000000001;0.000423936;0.000313344;0.000251904;0.000190464;0.000206848;0.000227328;0.00021299199999999998;0.00022528;0.00023961599999999998;0.000257024;0.000217088;0.000262144;0.000413696;0.00037068800000000004;0.000376832;0.000379904;0.00031744;0.00047001599999999997;0.0007393279999999999;0.0008867839999999999;0.0008744960000000001;0.0011448320000000001;0.0006840319999999999;0.000611328;0.0012113920000000002;0.001359872;0.000468992;0.0007137280000000001;0.001165312;0.001202176;0.0015226880000000001;0.0014786559999999999;0.0014899199999999998;0.00137728;0.001383424;0.002704384;0.002279424;0.001937408;0.002700288;0.001399808;0.001593344;0.001826816;0.0022886399999999998;0.0022425599999999998;0.0022272
1791324000,hdr,0.0293;0.03906;0.04883;0.05859;0.06836;0.07813;0.08789;0.09766;0.10742;0.11719;0.12695;0.13672;0.14648;0.15625;0.16602;0.17578;0.18555;0.19531;0.20508;0.21484;0.22461;0.23438;0.24414;0.25391;0.26367;0.27344;0.2832;0.29297;0.30273;0.3125;0.32227;0.33203;0.3418;0.35156;0.36133;0.37109;0.38086;0.39063;0.40039;0.41016;0.41992;0.42969;0.43945;0.44922;0.45898;0.46875;0.47852;0.48828;0.49805;0.50781;0.51758;0.52734;0.53711;0.54688;0.55664;0.56641;0.57617;0.58594;0.5957;0.60547;0.61523;0.625;0.63477;0.64453;0.6543;0.66406;0.67383;0.68359;0.69336;0.70313;0.71289;0.72266;0.73242;0.74219;0.75195;0.76172;0.77148;0.78125;0.79102,0.003618816;0.008974336;0.013569024;0.009418752;0.009113600000000001;0.010029056;0.007486464;0.009121792;0.018494464;0.02619904;0.015484928;0.004040704;0.0022702079999999997;0.002036736;0.001901568;0.0016220159999999998;0.001186816;0.00093696;0.001139712;0.0008447999999999999;0.0007086080000000001;0.000576512;0.000854016;0.000720896;0.00037376;0.00035328;0.0004956159999999999;0.00037376;0.000503808;0.00041779199999999995;0.000458752;0.000321536;0.00027340799999999994;0.000375808;0.000284672;0.00033792;0.000351232;0.000258048;0.000283648;0.000321536;0.00030003200000000004;0.0001792;0.000167936;0.00024063999999999997;0.000210944;0.000206848;0.00017715200000000003;0.000175104;0.00018227199999999998;0.000136192;0.000200704;0.00020889599999999997;0.00026112;0.00017408000000000001;0.00015564799999999998;0.00021401600000000003;0.000289792;0.000325632;0.000320512;0.000222208;0.00019968;0.00022016;0.000234496;0.00027136;0.00048639999999999995;0.000774144;0.00076288;0.00064512;0.000915456;0.00121344;0.0017848319999999999;0.0015769599999999999;0.0010936319999999998;0.0016302080000000002;0.0018237440000000002;0.0027514880000000003;0.002475008;0.0018483199999999999;0.002019328
1791324900,hdr,0.0293;0.03906;0.04883;0.05859;0.06836;0.07813;0.08789;0.09766;0.10742;0.11719;0.12695;0.13672;0.14648;0.15625;0.16602;0.17578;0.18555;0.19531;0.20508;0.21484;0.22461;0.23438;0.24414;0.25391;0.26367;0.27344;0.2832;0.29297;0.30273;0.3125;0.32227;0.33203;0.3418;0.35156;0.36133;0.37109;0.38086;0.39063;0.40039;0.41016;0.41992;0.42969;0.43945;0.44922;0.45898;0.46875;0.47852;0.48828;0.49805;0.50781;0.51758;0.52734;0.53711;0.54688;0.55664;0.56641;0.57617;0.58594;0.5957;0.60547;0.61523;0.625;0.63477;0.64453;0.6543;0.66406;0.67383;0.68359;0.69336;0.70313;0.71289;0.72266;0.73242;0.74219;0.75195;0.76172;0.77148;0.78125;0.79102,0.0053063680000000005;0.005668864000000001;0.003414016;0.003228672;0.0020162559999999997;0.003393536;0.004742143999999999;0.007323648;0.019115008;0.016856063999999997;0.010189824;0.005971968000000001;0.0029470720000000002;0.00185344;0.001651712;0.0016650240000000002;0.001559552;0.0012400640000000001;0.001139712;0.000924672;0.001374208;0.0010721279999999999;0.00101888;0.000646144;0.000548864;0.000514048;0.000427008;0.00052736;0.000601088;0.0003328;0.000192512;0.000319488;0.000442368;0.000420864;0.000321536;0.00036966399999999996;0.0002816;0.00023244799999999998;0.000210944;0.00023654400000000002;0.000264192;0.000169984;9.5232e-05;0.000105472;0.00014848;0.000156672;0.000244736;0.000191488;0.00010956799999999999;0.000129024;0.000176128;0.00014540800000000003;0.00014950399999999998;0.000140288;0.00024576000000000003;0.00020377600000000002;0.00015564799999999998;0.00029798400000000005;0.0002816;0.000375808;0.00032870400000000003;0.00040755200000000004;0.000782336;0.000628736;0.0009216000000000001;0.001052672;0.001452032;0.0011233280000000003;0.001201152;0.001837056;0.0028190719999999997;0.0027648;0.002134016;0.002992128;0.00558592;0.004056064000000001;0.003838976;0.005997568;0.004996095999999999
1791325800,hdr,0.0293;0.03906;0.04883;0.05859;0.06836;0.07813;0.08789;0.09766;0.10742;0.11719;0.12695;0.13672;0.14648;0.15625;0.16602;0.17578;0.18555;0.19531;0.20508;0.21484;0.22461;0.23438;0.24414;0.25391;0.26367;0.27344;0.2832;0.29297;0.30273;0.3125;0.32227;0.33203;0.3418;0.35156;0.36133;0.37109;0.38086;0.39063;0.40039;0.41016;0.41992;0.42969;0.43945;0.44922;0.45898;0.46875;0.47852;0.48828;0.49805;0.50781;0.51758;0.52734;0.53711;0.54688;0.55664;0.56641;0.57617;0.58594;0.5957;0.60547;0.61523;0.625;0.63477;0.64453;0.6543;0.66406;0.67383;0.68359;0.69336;0.70313;0.71289;0.72266;0.73242;0.74219;0.75195;0.76172;0.77148;0.78125;0.79102,0.0048486399999999995;0.005970944000000001;0.005501952;0.006166527999999999;0.006833152;0.006115328;0.001685504;0.010815488;0.019347456000000002;0.014431232;0.008947712;0.004117504;0.003296256;0.002627584;0.001430528;0.0010598399999999998;0.0015472639999999998;0.001010688;0.000791552;0.00073216;0.001308672;0.0009727999999999999;0.000743424;0.000782336;0.000785408;0.000837632;0.000758784;0.000636928;0.0007075839999999999;0.000596992;0.00050176;0.00041984;0.00047616000000000005;0.000331776;0.000432128;0.0005867520000000001;0.00042598399999999997;0.000411648;0.000415744;0.000616448;0.0005888;0.000321536;0.00029593599999999995;0.000257024;0.000257024;0.00026521600000000003;0.000475136;0.00040960000000000004;0.000279552;0.000395264;0.000661504;0.0006000640000000001;0.000449536;0.000641024;0.0010127360000000002;0.001263616;0.002193408;0.0025856;0.002863104;0.004617216;0.004896768;0.0040867839999999996;0.002885632;0.00660992;0.005343232;0.004917248;0.006873087999999999;0.00299008;0.003274752;0.005389312;0.004504576;0.00278016;0.002861056;0.0031160320000000004;0.0027473920000000004;0.002576384;0.002468864;0.0021207039999999997;0.0030464
1791326700,hdr,0.0293;0.03906;0.04883;0.05859;0.06836;0.07813;0.08789;0.09766;0.10742;0.11719;0.12695;0.13672;0.14648;0.15625;0.16602;0.17578;0.18555;0.19531;0.20508;0.21484;0.22461;0.23438;0.24414;0.25391;0.26367;0.27344;0.2832;0.29297;0.30273;0.3125;0.32227;0.33203;0.3418;0.35156;0.36133;0.37109;0.38086;0.39063;0.40039;0.41016;0.41992;0.42969;0.43945;0.44922;0.45898;0.46875;0.47852;0.48828;0.49805;0.50781;0.51758;0.52734;0.53711;0.54688;0.55664;0.56641;0.57617;0.58594;0.5957;0.60547;0.61523;0.625;0.63477;0.64453;0.6543;0.66406;0.67383;0.68359;0.69336;0.70313;0.71289;0.72266;0.73242;0.74219;0.75195;0.76172;0.77148;0.78125;0.79102,0.005613568;0.0057098240000000005;0.003043328;0.0038000639999999997;0.004067328;0.00433152;0.003172352;0.005224448;0.008024064;0.008782848;0.007924736;0.007371776;0.00492544;0.003245056;0.001466368;0.001564672;0.001202176;0.000647168;0.000800768;0.001052672;0.0009830400000000001;0.00075264;0.000633856;0.0007280640000000001;0.000646144;0.0006144;0.000636928;0.0005836799999999999;0.00036761599999999997;0.00041062399999999995;0.000518144;0.0005734399999999999;0.0005703679999999999;0.000468992;0.000357376;0.000316416;0.00047206399999999996;0.0005007359999999999;0.00039219200000000003;0.00022016;0.00039219200000000003;0.000279552;0.00040345599999999995;0.00034304;0.00031744;0.00033894400000000004;0.00038912;0.000441344;0.000347136;0.000453632;0.000549888;0.00046489599999999996;0.0011776;0.0013219840000000002;0.001061888;0.001158144;0.001113088;0.0009420800000000001;0.002167808;0.00338944;0.004813824;0.004419584000000001;0.004304896000000001;0.007513087999999999;0.006874112;0.004407296;0.004922368;0.007225344;0.005039104;0.004846592;0.004447232;0.0031938559999999997;0.00183296;0.002356224;0.00272384;0.0029911039999999996;0.0025825279999999997;0.0029255680000000004;0.002562048
1791327600,hdr,0.0293;0.03906;0.04883;0.05859;0.06836;0.07813;0.08789;0.09766;0.10742;0.11719;0.12695;0.13672;0.14648;0.15625;0.16602;0.17578;0.18555;0.19531;0.20508;0.21484;0.22461;0.23438;0.24414;0.25391;0.26367;0.27344;0.2832;0.29297;0.30273;0.3125;0.32227;0.33203;0.3418;0.35156;0.36133;0.37109;0.38086;0.39063;0.40039;0.41016;0.41992;0.42969;0.43945;0.44922;0.45898;0.46875;0.47852;0.48828;0.49805;0.50781;0.51758;0.52734;0.53711;0.54688;0.55664;0.56641;0.57617;0.58594;0.5957;0.60547;0.61523;0.625;0.63477;0.64453;0.6543;0.66406;0.67383;0.68359;0.69336;0.70313;0.71289;0.72266;0.73242;0.74219;0.75195;0.76172;0.77148;0.78125;0.79102,0.002148352;0.002322432;0.003885056;0.004457472;0.0042086400000000005;0.0022272;0.005180416;0.00815104;0.01346048;0.013339648;0.012524544;0.00937472;0.0033167360000000002;0.003207168;0.002040832;0.001212416;0.0012625919999999999;0.0011919360000000002;0.00107008;0.0011796480000000002;0.001077248;0.001036288;0.0011714560000000002;0.0011151359999999999;0.00082944;0.0007188480000000001;0.0007096320000000001;0.0006952960000000001;0.0006973439999999999;0.000393216;0.00034816000000000003;0.000339968;0.000434176;0.00046080000000000003;0.000502784;0.00039219200000000003;0.0003072;0.0005857280000000001;0.00036966399999999996;0.000330752;0.000350208;0.00027648;0.000381952;0.000441344;0.00034816000000000003;0.000279552;0.000349184;0.000502784;0.0006144;0.00042803200000000007;0.000330752;0.000221184;0.0003584;0.000646144;0.00048025600000000003;0.0006144;0.000704512;0.000733184;0.000730112;0.0005959680000000001;0.000823296;0.000900096;0.001028096;0.0015851519999999998;0.0021288960000000003;0.001329152;0.002108416;0.002286592;0.0026071040000000003;0.0031559680000000003;0.0034580479999999996;0.0018575360000000001;0.001795072;0.003503104;0.003764224;0.00237056;0.0021268479999999998;0.001803264;0.001557504
1791328500,hdr,0.0293;0.03906;0.04883;0.05859;0.06836;0.07813;0.08789;0.09766;0.10742;0.11719;0.12695;0.13672;0.14648;0.15625;0.16602;0.17578;0.18555;0.19531;0.20508;0.21484;0.22461;0.23438;0.24414;0.25391;0.26367;0.27344;0.2832;0.29297;0.30273;0.3125;0.32227;0.33203;0.3418;0.35156;0.36133;0.37109;0.38086;0.39063;0.40039;0.41016;0.41992;0.42969;0.43945;0.44922;0.45898;0.46875;0.47852;0.48828;0.49805;0.50781;0.51758;0.52734;0.53711;0.54688;0.55664;0.56641;0.57617;0.58594;0.5957;0.60547;0.61523;0.625;0.63477;0.64453;0.6543;0.66406;0.67383;0.68359;0.69336;0.70313;0.71289;0.72266;0.73242;0.74219;0.75195;0.76172;0.77148;0.78125;0.79102,0.0031098880000000003;0.00712192;0.0040294400000000005;0.002147328;0.003391488;0.004358144;0.003576832;0.00766976;0.00811008;0.015205376;0.015916032;0.007842815999999999;0.00300032;0.0019824639999999998;0.00279552;0.0022558720000000003;0.001296384;0.0013342719999999998;0.001429504;0.001430528;0.0011007999999999999;0.0012318720000000002;0.001202176;0.0006604799999999999;0.0009605120000000001;0.00072704;0.000524288;0.00047308800000000003;0.00043110399999999997;0.00042803200000000007;0.00052736;0.00044339199999999997;0.000277504;0.00040448000000000003;0.000423936;0.0003072;0.000224256;0.000357376;0.000289792;0.000330752;0.0003328;0.000234496;0.00028569600000000005;0.000349184;0.00029900799999999997;0.000272384;0.000257024;0.00032768;0.000384;0.00029900799999999997;0.00046080000000000003;0.0005744639999999999;0.000512;0.000544768;0.00033382400000000003;0.000320512;0.00029286400000000005;0.000331776;0.000543744;0.000335872;0.000314368;0.000489472;0.000371712;0.00032870400000000003;0.000648192;0.00038912;0.00036147200000000005;0.000738304;0.001077248;0.001263616;0.001536;0.002353152;0.0034744320000000004;0.0029952000000000004;0.0018810880000000002;0.001508352;0.002158592;0.0023408640000000002;0.0024739840000000003
1791329400,hdr,0.0293;0.03906;0.04883;0.05859;0.06836;0.07813;0.08789;0.09766;0.10742;0.11719;0.12695;0.13672;0.14648;0.15625;0.16602;0.17578;0.18555;0.19531;0.20508;0.21484;0.22461;0.23438;0.24414;0.25391;0.26367;0.27344;0.2832;0.29297;0.30273;0.3125;0.32227;0.33203;0.3418;0.35156;0.36133;0.37109;0.38086;0.39063;0.40039;0.41016;0.41992;0.42969;0.43945;0.44922;0.45898;0.46875;0.47852;0.48828;0.49805;0.50781;0.51758;0.52734;0.53711;0.54688;0.55664;0.56641;0.57617;0.58594;0.5957;0.60547;0.61523;0.625;0.63477;0.64453;0.6543;0.66406;0.67383;0.68359;0.69336;0.70313;0.71289;0.72266;0.73242;0.74219;0.75195;0.76172;0.77148;0.78125;0.79102,0.003214336;0.00422912;0.010113024;0.00409088;0.000408576;0.000613376;0.004303872;0.004890624;0.008662016;0.013871104;0.014713855999999999;0.0066211840000000004;0.002638848;0.00263168;0.002646016;0.0035522559999999997;0.003556352;0.002403328;0.0024709120000000005;0.001833984;0.001731584;0.001250304;0.001042432;0.00150528;0.001352704;0.000922624;0.000700416;0.0005304320000000001;0.000512;0.000468992;0.000538624;0.000633856;0.000632832;0.000544768;0.00039731200000000003;0.00032870400000000003;0.00037888;0.00040550399999999994;0.000345088;0.000329728;0.000321536;0.00024063999999999997;0.00017715200000000003;0.00024780799999999997;0.00023040000000000002;0.00020889599999999997;0.000164864;0.000161792;0.000188416;0.000134144;0.000114688;0.00012288000000000002;0.00011161600000000001;0.00012288000000000002;0.000164864;0.000162816;0.00016691200000000002;0.000140288;0.00012185600000000001;0.000176128;0.00024063999999999997;0.00030412799999999997;0.000251904;0.000172032;0.00023040000000000002;0.000357376;0.00047001599999999997;0.00065536;0.0007352319999999999;0.000751616;0.000872448;0.000982016;0.00103936;0.0008509440000000001;0.0013895679999999999;0.0019169279999999998;0.0015114240000000001;0.0013219840000000002;0.001374208
1791330300,hdr,0.0293;0.03906;0.04883;0.05859;0.06836;0.07813;0.08789;0.09766;0.10742;0.11719;0.12695;0.13672;0.14648;0.15625;0.16602;0.17578;0.18555;0.19531;0.20508;0.21484;0.22461;0.23438;0.24414;0.25391;0.26367;0.27344;0.2832;0.29297;0.30273;0.3125;0.32227;0.33203;0.3418;0.35156;0.36133;0.37109;0.38086;0.39063;0.40039;0.41016;0.41992;0.42969;0.43945;0.44922;0.45898;0.46875;0.47852;0.48828;0.49805;0.50781;0.51758;0.52734;0.53711;0.54688;0.55664;0.56641;0.57617;0.58594;0.5957;0.60547;0.61523;0.625;0.63477;0.64453;0.6543;0.66406;0.67383;0.68359;0.69336;0.70313;0.71289;0.72266;0.73242;0.74219;0.75195;0.76172;0.77148;0.78125;0.79102,0.007642112;0.008941567999999999;0.007015424;0.00835072;0.009673728000000001;0.0033832960000000005;0.0022394880000000004;0.008035328;0.023557120000000004;0.022629376;0.01350144;0.009885696;0.003745792;0.004074496;0.003741696;0.002762752;0.002130944;0.001911808;0.0018483199999999999;0.00126976;0.00091136;0.0009144320000000001;0.000930816;0.001053696;0.000897024;0.0009584639999999999;0.00117248;0.0009758719999999999;0.000761856;0.000454656;0.000543744;0.000594944;0.000518144;0.000559104;0.000502784;0.0004956159999999999;0.00045568;0.000279552;0.000165888;0.000205824;0.00029900799999999997;0.00025497599999999997;0.00027648;0.00014848;9.932800000000001e-05;0.000110592;0.000105472;0.000167936;0.0001792;0.000141312;0.00014848;0.00015872;0.000130048;0.000151552;0.00019865600000000002;0.000280576;0.000380928;0.00028569600000000005;0.000289792;0.00045056;0.000515072;0.0007249919999999999;0.0011151359999999999;0.001316864;0.001309696;0.001077248;0.0015493120000000002;0.002107392;0.002630656;0.001426432;0.0016906239999999997;0.002272256;0.0024002560000000004;0.003309568;0.003653632;0.0027740160000000002;0.001600512;0.0021329920000000002;0.002531328
